speed.asc
NCOLS 434 
NROWS 250 
XLLCORNER -121.69454516 
YLLCORNER 39.36708274 
CELLSIZE 0.00381074763999997 
NODATA_value -9999 
[rows 190 to 208 of 250, columns 336 to 377 of 434]
0.00196748924127149 0.00194157790928169 0.00195025833399881 0.00193086173569301 0.0222807021626119 0.0242400048474577 0.0190167096768614 0.0190161987532885 0.0242355034587054 0.0222724101003578 0.00192526860454886 0.00192925831219221 0.00192211835116982 0.00191737822425529 0.00192135102572665 0.0275066271823331 0.0275001783164084 0.00201514476455246 0.00185712054056577 0.00176283926619213 0.00170735057267817 0.00167315569821583 0.00165352969345257 0.00165630353096581 0.00167107945770149 0.0016704269244453 0.00164278286878947 0.00163514219834081 0.00168698772050417 0.00170209098268456 0.00171581225127048 0.00174188279419349 0.0018188250791341 0.00194940005394535 0.00201453221061282 0.00187490242334126 0.00175218535512623 0.00171285914015351 0.00170567553818632 0.00176044730538513 0.00178515997320215 0.00161256757037081
0.00188240464347836 0.00194690560564787 0.00198401269213688 0.00194147227832997 0.0019342281602608 0.00193177276415788 0.00192704855286427 0.00193105751942225 0.00193786123638708 0.0222858619578223 0.0242489164851566 0.0190328908067268 0.0190211302133894 0.0190186345564035 0.0242388005762649 0.0222890438590688 0.00193241052921924 0.00198184092993794 0.00195978097352115 0.00192061699980998 0.00184677684264085 0.00179335058174009 0.00174212452703843 0.00170601540864388 0.00173909284195274 0.0017720030131258 0.00172997306523236 0.00168210725562681 0.00172966052577592 0.00175948574621167 0.00179487585797604 0.00182230760230946 0.00186634429065566 0.00186614826183699 0.00171580089172539 0.00166888877064486 0.00165371575765949 0.00170028324222459 0.00174686463709295 0.00183950328128573 0.00193471499792687 0.00179995562120247
0.00180553118882916 0.00193657428998377 0.00200456090099318 0.00195994684591782 0.00195095780759587 0.0019440259159137 0.00194148294969091 0.00194984490403585 0.00195270507925256 0.00194466691529058 0.00195757355377746 0.00195764036106031 0.00193466167990184 0.00194043557951337 0.00193640240610205 0.00193607279863243 0.00193780118917859 0.0019687878750077 0.0019881818190327 0.00203030724088738 0.00204416307434775 0.00198761100923046 0.00190639511421422 0.00181705648375542 0.00183628652397048 0.00189444250083624 0.00185674396681091 0.00177397426950551 0.00178862190234683 0.00183374114435092 0.00192704641667087 0.0018986172640254 0.00186640476189802 0.00176041919349769 0.00164402372785362 0.00161338711542488 0.00161044481661018 0.00166355211190629 0.00174868578614478 0.00185066486206172 0.00194618474628045 0.00186278152537868
0.00173094020012136 0.00189981114631715 0.00197716547597762 0.00194733302221178 0.00196081261555642 0.00194708932189795 0.00194260213028775 0.00194157985084154 0.00190862205454594 0.00188220794264857 0.00193788451390924 0.00196622643582961 0.00193031976947383 0.00195871185179303 0.00193126510841075 0.00190445509078618 0.00192476693344876 0.00197701982941435 0.00196591064251745 0.00195270556539704 0.00196806947608699 0.00195453171177287 0.00193996853133678 0.00189754187145573 0.00191550479448404 0.0019264196655006 0.00191668621818867 0.0019122153400463 0.00191891782949326 0.00195668102127454 0.00198590530235973 0.00188578174147196 0.00181694637216041 0.00177162451220443 0.00172406134566951 0.00162423971357521 0.00157781898122008 0.00163537408681629 0.0016836295253383 0.00174664737023836 0.00185018986778001 0.00174668794134073
0.00169631520158532 0.0018628953287012 0.00195753704065043 0.0019602187031263 0.00196838813536478 0.00196510507255675 0.00198840851584959 0.00197161171680572 0.00190975628237769 0.00186719824276905 0.00194432555372507 0.00198799047600028 0.0019635254540088 0.00201921599877603 0.00196904985875111 0.00191918423998939 0.00196729351999739 0.00204211508026841 0.00202310559705219 0.00197693237105714 0.0019737196570389 0.0019569503303579 0.00196004975693548 0.00196813365784993 0.00191721592276651 0.00183360393794299 0.00185060947932993 0.00186043481332149 0.00187817691332627 0.00185852320608268 0.00182927499325129 0.00179394666873557 0.00183891232184021 0.00187587822738364 0.00189509284105685 0.00175814394660945 0.00154518678090578 0.00148686321190008 0.00150298261100856 0.00155231248977872 0.00166778340014531 0.00159285667330486
0.0016782078921038 0.00184268482878535 0.00194877331593817 0.00192275767635103 0.00189037010296676 0.001887174110696 0.00194828882402559 0.0019570732311085 0.00188891878340974 0.00184329332869996 0.00190854750778528 0.00191991230087934 0.001915998257715 0.0020508215956285 0.00192413919043733 0.00183978054484987 0.00190498016479769 0.00199287157941747 0.00198101485310927 0.00193740981547235 0.00190936498054416 0.00185779339771116 0.00181368623987837 0.0017652469437484 0.00166773505027013 0.00154589344599851 0.00155293779249677 0.00156576643699172 0.00155230119335288 0.00154904753473967 0.00159934554356097 0.00168625090007557 0.0017956794249448 0.00187043453168052 0.00187615420305707 0.0018238932767861 0.00171420520595932 0.00152324647250086 0.00144712545112735 0.00152565490567321 0.00168780756958737 0.00180843732501198
0.00162099301667184 0.00176707670255671 0.00191723093739161 0.00191010492830161 0.00186531152377061 0.00187796287440635 0.00194966301285411 0.00196163582542234 0.0018280746468234 0.00175985632440642 0.00185500742067576 0.00186761139055629 0.00191897268801082 0.0021092843813912 0.00193550882446432 0.00180131666570652 0.00189989533828225 0.00192175605803098 0.00186592210578692 0.00182758678527331 0.00178429337322651 0.00177627282077056 0.00177521897465469 0.00173643925492875 0.00165502631037924 0.00154845323521242 0.00157082344129358 0.00160835797121442 0.00164413522482193 0.00165635273407256 0.00166876498154346 0.00166473093066086 0.00172946969690475 0.00180025401879563 0.00181073183105818 0.00181870122356092 0.00195588360704239 0.00180123809837947 0.0016656485692812 0.00154199377839491 0.00157706253014368 0.00164401858512078
0.00152486511538913 0.00160103406337427 0.00182637680992439 0.00190310904100984 0.00186620587894855 0.00188188127921884 0.00192577054219481 0.00194809488207348 0.00190337749627673 0.0018815305131682 0.00192381232005831 0.00192187639151597 0.00193319930957247 0.00208024106642271 0.00193929517064667 0.00186775928534391 0.0018494128210244 0.0018166065412317 0.00172628767272653 0.00166930275777128 0.00166924029388064 0.00173597449779279 0.00177209433513343 0.00177634109846365 0.00173000128082513 0.00165638906572423 0.00169370614933386 0.001729364054015 0.00174212335042393 0.00175109476140954 0.0017123788855684 0.0016652318865307 0.00166382076149973 0.00167912165244354 0.0016745054948111 0.00164974190086891 0.00171294703649699 0.00187265777214688 0.00187609667945373 0.00176099321492793 0.00162776942460831 0.00157644752589988
0.00143617082196367 0.00146966566986915 0.00162795346117477 0.00178117732022986 0.00181150050882116 0.00186350786764026 0.00189559298940323 0.00189941565813757 0.00190407074757 0.00188942234373269 0.00184003402334803 0.00180248952303329 0.00177693402392351 0.00184432796554896 0.00181034028805501 0.00184709307787213 0.00184254827970134 0.00182071778401161 0.00175743249843186 0.00170860797083797 0.00166336186287555 0.00179498381699695 0.00186802819030762 0.00183066136254351 0.00178380393557703 0.00168839048649443 0.00166137272163504 0.00167195970258882 0.00167390590397808 0.00167565667685697 0.00171235486028659 0.00170922991546171 0.00176569480893786 0.00177558668708492 0.00178617605694453 0.00175263108756783 0.00180486116034582 0.00171635351787079 0.00180512701453428 0.00201384380566996 0.00204909977924851 0.00188617472365156
0.00132102229109403 0.00129641008981647 0.00140463428152399 0.00159347779860494 0.00175595555034856 0.00185440895459125 0.0018484498307496 0.00179747593667261 0.00172233809256442 0.00165048056404424 0.0015590385625044 0.0014927228024394 0.00152396817916614 0.00159566472890624 0.00160407919859428 0.00168537107672314 0.00179506464808412 0.00191916952801498 0.00190924254655554 0.00185708544886304 0.0018482774537834 0.00188802017053962 0.00191679362209803 0.00189139173493161 0.00189293903350315 0.00180950596766797 0.00177160277565267 0.0017306978746381 0.0017411982500158 0.00175055474927314 0.00178291334375291 0.00178600474669862 0.00187715734309239 0.00190412102888474 0.00186901120154189 0.00182576871154363 0.00188721140855443 0.0017370005607181 0.00170431527608145 0.00179607494881647 0.0019142446724643 0.00201525586222196
0.0013345746892001 0.00125434004056041 0.00130088678176938 0.00138481255489641 0.00159093759192182 0.00179719540768893 0.00185818516332099 0.00184001698432011 0.00174690021571113 0.00169001345468987 0.00160015785800551 0.00149123398454944 0.00153440308276268 0.0015456352300177 0.00152486213838701 0.00155242094707023 0.00168576163319321 0.00185139538163834 0.00198292059655156 0.00206885541849988 0.00203401219353524 0.00191259738262753 0.00187956762884033 0.00187103165363506 0.00183541099047587 0.00191514284229669 0.00190466926181524 0.00175503070120755 0.00171877336718955 0.00168445135697322 0.00169866870526249 0.00168847495177622 0.00180856640338162 0.00180231072557133 0.00172512094030192 0.00165725470921102 0.0017424752548558 0.00160753392102524 0.00173900425267164 0.00182653011795542 0.00187686683287133 0.00192483244060409
0.0013389425458362 0.00127490707031367 0.00126243259831193 0.00124686148562048 0.00140433730934425 0.00159785162517973 0.00185307142901473 0.00193210874698351 0.00176840693726816 0.00171837219502716 0.00169752346852637 0.0016060516856329 0.0016017579752281 0.00153896382368735 0.00146589721755979 0.00138993627987603 0.00143007558692586 0.00157795233581715 0.00180818247229304 0.00200187990571331 0.00205029035874617 0.00190406118701033 0.00188783405475389 0.00189779836025909 0.00182913558632495 0.00192255795227752 0.0019422943644831 0.00176220193516872 0.00171575295932088 0.0016928863336355 0.00168702208808833 0.00169628703705859 0.00179059412599825 0.00174293256790703 0.00168572807933024 0.00175306347405389 0.00183109318271852 0.00169590884753161 0.00181285502660419 0.0018485807310207 0.00186969573694593 0.00192647380042431
0.00141169716197032 0.00143209383835173 0.00130778175066709 0.00122568668374362 0.00130803824131402 0.00144146856808164 0.00174871828904465 0.0019409996001334 0.0017320125911278 0.00171731941008882 0.00172072522454904 0.00168960079377184 0.00167415854609113 0.00159688547182711 0.00152823286511354 0.00134650266662425 0.00126030991335431 0.00140767943416197 0.00165559779121597 0.00187074500172316 0.00205012192580246 0.0019792697739411 0.00200986904038684 0.00201781582827866 0.00197391487204931 0.0019651898180511 0.00194926800690453 0.00180161969120079 0.00181091810277092 0.00186498284598773 0.00182739121004009 0.00179667759653803 0.00181025234734332 0.0017351423809951 0.00167096562886837 0.0017078431473176 0.00175351297152714 0.00180566485865121 0.00187664583867133 0.00177298878145193 0.00180615427632048 0.00187350181422747
0.00151819843019378 0.00156116489285541 0.00145437204845586 0.0014076449118068 0.00144940437922809 0.00146494666052339 0.00173066281467178 0.00191457081334948 0.00167786238077315 0.00170393442650331 0.0017407642580932 0.00173765438590716 0.00170759163724331 0.00169748815725732 0.00172052083046592 0.00141457849146504 0.00131821859585564 0.00143306667025689 0.0016398213529175 0.00180278435676461 0.00192136977509201 0.00182969852240566 0.00183195910636416 0.001900405945079 0.00196316214543531 0.00198750398550359 0.00199903678826977 0.00184115893140327 0.00188837457893307 0.00196923337550372 0.00199929665388057 0.00204792962799985 0.00211841345899322 0.00209604625955619 0.00187735556194878 0.00179528449252548 0.00176360173518864 0.00176288690324683 0.00180298007645244 0.00174269385637229 0.00177756889078133 0.00184423317607521
0.00165126575621346 0.00171896621031592 0.00167558312496671 0.00160907910327783 0.0015799616930591 0.00151631182199244 0.00173213761194991 0.00186844963083363 0.00165522183573772 0.0017188330826135 0.00177643880768823 0.00175534700071788 0.00171623079925379 0.00173663392106679 0.00183706990512606 0.00153913493226734 0.00142271706868551 0.00142998769016301 0.00167772836965728 0.00176220556465686 0.00180846591852074 0.00170607173508553 0.00167768312105954 0.0017837026792038 0.00181651369811118 0.00191102646731208 0.00208970548541232 0.0018663802863369 0.00180614317853538 0.00174709136849451 0.00176958716845534 0.00175146790242439 0.00188688930019791 0.00192692054046314 0.00193944054066809 0.00195752035979906 0.00184596929079272 0.00183370318774056 0.00179232409409075 0.00176955891161914 0.00182352115242082 0.00190495407116779
0.00165804121981176 0.00168817655798245 0.00172369399760595 0.00178024462268723 0.00172744872184797 0.00157599622677277 0.00168029977343388 0.00180469695132053 0.00171285793174116 0.00174880798279333 0.001759637854392 0.00173607735385575 0.00174188609586418 0.00176245573090685 0.00184984467588469 0.00154724894177113 0.00148873469656831 0.00147646043071876 0.00159428028297609 0.00165152779341931 0.00163732757927721 0.00157656055180144 0.0015670917832353 0.00173091428035106 0.00177773365546356 0.00183239106436259 0.00207154466143587 0.00194384327654497 0.00179876977997556 0.0016718187625912 0.00159787725524547 0.00153805309239076 0.0017239244733537 0.0017959422975855 0.00195045237694161 0.00218834062298071 0.00209439618145858 0.00209724166651611 0.00202964616012582 0.00202714493586755 0.00205761096120602 0.00205533351121983
0.00160891140548704 0.00160986036039022 0.00174114624951863 0.0019128708209161 0.00185966733274781 0.0016803558626483 0.00167275344310387 0.00184943613721168 0.00184919902096288 0.00179237042314573 0.00168996547295504 0.00173186204838312 0.0018416863235557 0.00181264180127847 0.00192169646345645 0.00171033911600709 0.00162360162935909 0.00158882386238476 0.00162756239616037 0.00154133338315703 0.00152361481123768 0.00150329397484987 0.00151018032323354 0.001578811636573 0.00168838455095725 0.00175387521028768 0.00190668558453187 0.00195704135648642 0.00194027604326632 0.00178389382425459 0.00173653593239967 0.00179262522552131 0.00188451443546575 0.00189708735470976 0.00192915648987153 0.00198972380817119 0.00191612855974415 0.0019262437653864 0.00187804909689057 0.00185648861518839 0.00181095848744503 0.00176021706648729
0.00161535084091194 0.0015804528530044 0.00177003602395056 0.00190716917820597 0.00172881078115355 0.00165642942338794 0.00161114992576543 0.00170918135434368 0.00182790324692289 0.00180484385410922 0.00168979588668286 0.00169225115250895 0.00184010466282817 0.00176881893186307 0.0019268051788767 0.00185160325589925 0.00176709215277896 0.00173198333764992 0.00177143696344328 0.00168962492008175 0.00170392786422116 0.00170263835298574 0.00159493611995507 0.0015765951868719 0.00167416559091257 0.00174659301372124 0.00182178236668662 0.00192895254045408 0.00206037937155582 0.00202567517344128 0.00198133255565853 0.00206009169943463 0.00209178645022721 0.00195757254608467 0.00191397725133062 0.00190459803929805 0.00187736303918308 0.00187633428890653 0.00187980491847488 0.00186919433903411 0.00180103544337523 0.00166876420758636
0.00164686718702965 0.00155577533502182 0.0017304422370131 0.00173577651809474 0.00156578323797558 0.00155243300673804 0.00153267724218422 0.00158288915896662 0.00173242990353669 0.00189347707074355 0.00188674917765549 0.00188630765082187 0.00189610532175608 0.00178719064614599 0.0019220113689088 0.00187404548134331 0.00186546851311472 0.00179628573875887 0.00179653049890823 0.0018071193007884 0.00184359485581879 0.00187659420040912 0.00179562889878579 0.00174415531248253 0.00176079452326044 0.00177906466878499 0.00181753316006609 0.0018416307533431 0.00187171047898982 0.00180439163259765 0.00174918773056589 0.00176850117293858 0.00191954380059804 0.00202169211526075 0.00193836175132308 0.00187667169557391 0.00178601114355495 0.00179658683033359 0.00188295705599773 0.00193026592494917 0.00193261986053468 0.00185267604326048
