speed.asc
NCOLS 434 
NROWS 250 
XLLCORNER -121.69454516 
YLLCORNER 39.36708274 
CELLSIZE 0.00381074763999997 
NODATA_value -9999 
[rows 190 to 208 of 250, columns 0 to 41 of 434]
0.00193214142466428 0.0019204595078947 0.0019204595078947 0.0019204595078947 0.0019204595078947 0.0019204595078947 0.0019204595078947 0.0019204595078947 0.0019204595078947 0.00192045950789781 0.0019204595078947 0.0019204595078947 0.0019204595078947 0.00192045950789158 0.0019204595078947 0.00192045950789781 0.0019204595078947 0.0019204595078947 0.0019204595078947 0.0150931654487604 0.00192045950789781 0.0019204595078947 0.0019204595078947 0.00192045950789781 0.0019204595078947 0.00192045950789158 0.0019204595078947 0.0019204595078947 0.0019204595078947 0.00192045950789781 0.0019204595078947 0.0019204595078947 0.0019204595078947 0.0019204595078947 0.0019204595078947 0.0019204595078947 0.0019204595078947 0.0019204595078947 0.00192045950789781 0.0019204595078947 0.0019204595078947 0.0019204595078947
0.00193210032456046 0.00192040813276451 0.00192040813276451 0.00192040813276451 0.00192040813276451 0.00192040813276451 0.00192040813276451 0.00192040813276451 0.00192040813276451 0.00192040813276763 0.00192040813276451 0.00192040813276451 0.00192040813276451 0.00192040813276139 0.00192040813276451 0.00192040813276763 0.00192040813276451 0.00192040813276451 0.00192040813276451 0.0150931140736412 0.00192040813276763 0.00192040813276451 0.00192040813276451 0.00192040813276763 0.00192040813276451 0.00192040813276139 0.00192040813276451 0.00192040813276451 0.00192040813276451 0.00192040813276763 0.00192040813276451 0.00192040813276451 0.00192040813276451 0.00192040813276451 0.00192040813276451 0.00192040813276451 0.00192040813276451 0.00192040813276451 0.00192040813276763 0.00192040813276451 0.00192040813276451 0.00192040813276451
0.0019320592309512 0.00192035676575294 0.00192035676575294 0.00192035676575294 0.00192035676575294 0.00192035676575294 0.00192035676575294 0.00192035676575294 0.00192035676575294 0.00192035676575605 0.00192035676575294 0.00192035676575294 0.00192035676575294 0.00192035676574982 0.00192035676575294 0.00192035676575605 0.00192035676575294 0.00192035676575294 0.00192035676575294 0.0150930627066297 0.00192035676575605 0.00192035676575294 0.00192035676575294 0.00192035676575605 0.00192035676575294 0.00192035676574982 0.00192035676575294 0.00192035676575294 0.00192035676575294 0.00192035676575605 0.00192035676575294 0.00192035676575294 0.00192035676575294 0.00192035676575294 0.00192035676575294 0.00192035676575294 0.00192035676575294 0.00192035676575294 0.00192035676575605 0.00192035676575294 0.00192035676575294 0.00192035676575294
0.00193201814383676 0.00192030540686009 0.00192030540686009 0.00192030540686009 0.00192030540686009 0.00192030540686009 0.00192030540686009 0.00192030540686009 0.00192030540686009 0.00192030540686321 0.00192030540686009 0.00192030540686009 0.00192030540686009 0.00192030540685698 0.00192030540686009 0.00192030540686321 0.00192030540686009 0.00192030540686009 0.00192030540686009 0.020309729923126 0.00192030540686321 0.00192030540686009 0.00192030540686009 0.00192030540686321 0.00192030540686009 0.00192030540685698 0.00192030540686009 0.00192030540686009 0.00192030540686009 0.00192030540686321 0.00192030540686009 0.00192030540686009 0.00192030540686009 0.00192030540686009 0.00192030540686009 0.00192030540686009 0.00192030540686009 0.00192030540686009 0.00192030540686321 0.00192030540686009 0.00192030540686009 0.00192030540686009
0.00193197706321659 0.00192025405608467 0.00192025405608467 0.00192025405608467 0.00192025405608467 0.00192025405608467 0.00192025405608467 0.00192025405608467 0.00192025405608467 0.00192025405608779 0.00192025405608467 0.00192025405608467 0.00192025405608467 0.00192025405608156 0.00192025405608467 0.00192025405608779 0.00192025405608467 0.00192025405608467 0.00192025405608467 0.0222685838391807 0.0222686907256863 0.00192025405608467 0.00192025405608467 0.00192025405608779 0.00192025405608467 0.00192025405608156 0.00192025405608467 0.00192025405608467 0.00192025405608467 0.00192025405608779 0.00192025405608467 0.00192025405608467 0.00192025405608467 0.00192025405608467 0.00192025405608467 0.00192025405608467 0.00192025405608467 0.00192025405608467 0.00192025405608779 0.00192025405608467 0.00192025405608467 0.00192025405608467
0.00193193598908897 0.00192020271342515 0.00192020271342515 0.00192020271342515 0.00192020271342515 0.00192020271342515 0.00192020271342515 0.00192020271342515 0.00192020271342515 0.00192020271342827 0.00192020271342515 0.00192020271342515 0.00192020271342515 0.00192020271342204 0.00192020271342515 0.00192020271342827 0.00192020271342515 0.00192020271342515 0.00192020271342515 0.00192020271342515 0.0255260251548789 0.00192020271342515 0.00192020271342515 0.00192020271342827 0.00192020271342515 0.00192020271342204 0.00192020271342515 0.00192020271342515 0.00192020271342515 0.00192020271342827 0.00192020271342515 0.00192020271342515 0.00192020271342515 0.00192020271342515 0.00192020271342515 0.00192020271342515 0.00192020271342515 0.00192020271342515 0.00192020271342827 0.00192020271342515 0.00192020271342515 0.00192020271342515
0.00193189492145385 0.00192015137888084 0.00192015137888084 0.00192015137888084 0.00192015137888084 0.00192015137888084 0.00192015137888084 0.00192015137888084 0.00192015137888084 0.00192015137888396 0.00192015137888084 0.00192015137888084 0.00192015137888084 0.00192015137887772 0.00192015137888084 0.00192015137888396 0.00192015137888084 0.00192015137888084 0.00192015137888084 0.00192015137888084 0.022267327946317 0.0274838327579936 0.00192015137888084 0.00192015137888396 0.00192015137888084 0.00192015137887772 0.00192015137888084 0.00192015137888084 0.00192015137888084 0.00192015137888396 0.00192015137888084 0.00192015137888084 0.00192015137888084 0.00192015137888084 0.00192015137888084 0.00192015137888084 0.00192015137888084 0.00192015137888084 0.00192015137888396 0.00192015137888084 0.00192015137888084 0.00192015137888084
0.00193185386030754 0.00192010005244836 0.00192010005244836 0.00192010005244836 0.00192010005244836 0.00192010005244836 0.00192010005244836 0.00192010005244836 0.00192010005244836 0.00192010005245148 0.00192010005244836 0.00192010005244836 0.00192010005244836 0.00192010005244525 0.00192010005244836 0.00192010005245148 0.00192010005244836 0.00192010005244836 0.00192010005244836 0.00192010005244836 0.00192010005245148 0.027483098103838 0.027483098103816 0.00192010005245148 0.00192010005244836 0.00192010005244525 0.00192010005244836 0.00192010005244836 0.00192010005244836 0.00192010005245148 0.00192010005244836 0.00192010005244836 0.00192010005244836 0.00192010005244836 0.00192010005244836 0.00192010005244836 0.00192010005244836 0.00192010005244836 0.00192010005245148 0.00192010005244836 0.00192010005244836 0.00192010005244836
0.00193181280565014 0.00192004873412723 0.00192004873412723 0.00192004873412723 0.00192004873412723 0.00192004873412723 0.00192004873412723 0.00192004873412723 0.00192004873412723 0.00192004873413035 0.00192004873412723 0.00192004873412723 0.00192004873412723 0.00192004873412412 0.00192004873412723 0.00192004873413035 0.00192004873412723 0.00192004873412723 0.00192004873412723 0.00192004873412723 0.00192004873413035 0.00192004873412723 0.0274823635658798 0.0274823635659014 0.00192004873412723 0.00192004873412412 0.00192004873412723 0.00192004873412723 0.00192004873412723 0.00192004873413035 0.00192004873412723 0.00192004873412723 0.00192004873412723 0.00192004873412723 0.00192004873412723 0.00192004873412723 0.00192004873412723 0.00192004873412723 0.00192004873413035 0.00192004873412723 0.00192004873412723 0.00192004873412723
0.00193177175748423 0.00191999742391923 0.00191999742391923 0.00191999742391923 0.00191999742391923 0.00191999742391923 0.00191999742391923 0.00191999742391923 0.00191999742391923 0.00191999742392234 0.00191999742391923 0.00191999742391923 0.00191999742391923 0.00191999742391611 0.00191999742391923 0.00191999742392234 0.00191999742391923 0.00191999742391923 0.00191999742391923 0.00191999742391923 0.00191999742392234 0.00191999742391923 0.00191999742391923 0.0274816291440196 0.0274816291440145 0.00191999742391611 0.00191999742391923 0.00191999742391923 0.00191999742391923 0.00191999742392234 0.00191999742391923 0.00191999742391923 0.00191999742391923 0.00191999742391923 0.00191999742391923 0.00191999742391923 0.00191999742391923 0.00191999742391923 0.00191999742392234 0.00191999742391923 0.00191999742391923 0.00191999742391923
0.00193173071580382 0.00191994612181891 0.00191994612181891 0.00191994612181891 0.00191994612181891 0.00191994612181891 0.00191994612181891 0.00191994612181891 0.00191994612181891 0.00191994612182203 0.00191994612181891 0.00191994612181891 0.00191994612181891 0.0019199461218158 0.00191994612181891 0.00191994612182203 0.00191994612181891 0.00191994612181891 0.00191994612181891 0.00191994612181891 0.00191994612182203 0.00191994612181891 0.00191994612181891 0.00191994612182203 0.027480894838137 0.0222649242730592 0.00191994612181891 0.00191994612181891 0.00191994612181891 0.00191994612182203 0.00191994612181891 0.00191994612181891 0.00191994612181891 0.00191994612181891 0.00191994612181891 0.00191994612181891 0.00191994612181891 0.00191994612181891 0.00191994612182203 0.00191994612181891 0.00191994612181891 0.00191994612181891
0.00193168968061048 0.00191989482782725 0.00191989482782725 0.00191989482782725 0.00191989482782725 0.00191989482782725 0.00191989482782725 0.00191989482782725 0.00191989482782725 0.00191989482783036 0.00191989482782725 0.00191989482782725 0.00191989482782725 0.00191989482782413 0.00191989482782725 0.00191989482783036 0.00191989482782725 0.00191989482782725 0.00191989482782725 0.00191989482782725 0.00191989482783036 0.00191989482782725 0.00191989482782725 0.00191989482783036 0.00191989482782725 0.0255244350773614 0.00191989482782725 0.00191989482782725 0.00191989482782725 0.00191989482783036 0.00191989482782725 0.00191989482782725 0.00191989482782725 0.00191989482782725 0.00191989482782725 0.00191989482782725 0.00191989482782725 0.00191989482782725 0.00191989482783036 0.00191989482782725 0.00191989482782725 0.00191989482782725
0.00193164865190302 0.00191984354194271 0.00191984354194271 0.00191984354194271 0.00191984354194271 0.00191984354194271 0.00191984354194271 0.00191984354194271 0.00191984354194271 0.00191984354194583 0.00191984354194271 0.00191984354194271 0.00191984354194271 0.0019198435419396 0.00191984354194271 0.00191984354194583 0.00191984354194271 0.00191984354194271 0.00191984354194271 0.00191984354194271 0.00191984354194583 0.00191984354194271 0.00191984354194271 0.00191984354194583 0.00191984354194271 0.0222635628310048 0.0274794265746307 0.00191984354194271 0.00191984354194271 0.00191984354194583 0.00191984354194271 0.00191984354194271 0.00191984354194271 0.00191984354194271 0.00191984354194271 0.00191984354194271 0.00191984354194271 0.00191984354194271 0.00191984354194583 0.00191984354194271 0.00191984354194271 0.00191984354194271
0.00193160762967857 0.00191979226416236 0.00191979226416236 0.00191979226416236 0.00191979226416236 0.00191979226416236 0.00191979226416236 0.00191979226416236 0.00191979226416236 0.00191979226416547 0.00191979226416236 0.00191979226416236 0.00191979226416236 0.00191979226415924 0.00191979226416236 0.00191979226416547 0.00191979226416236 0.00191979226416236 0.00191979226416236 0.00191979226416236 0.00191979226416547 0.00191979226416236 0.00191979226416236 0.00191979226416547 0.00191979226416236 0.00191979226415924 0.0274786926169679 0.0274786926169734 0.00191979226416236 0.00191979226416547 0.00191979226416236 0.00191979226416236 0.00191979226416236 0.00191979226416236 0.00191979226416236 0.00191979226416236 0.00191979226416236 0.00191979226416236 0.00191979226416547 0.00191979226416236 0.00191979226416236 0.00191979226416236
0.00193156661393921 0.00191974099448775 0.00191974099448775 0.00191974099448775 0.00191974099448775 0.00191974099448775 0.00191974099448775 0.00191974099448775 0.00191974099448775 0.00191974099449086 0.00191974099448775 0.00191974099448775 0.00191974099448775 0.00191974099448463 0.00191974099448775 0.00191974099449086 0.00191974099448775 0.00191974099448775 0.00191974099448775 0.00191974099448775 0.00191974099449086 0.00191974099448775 0.00191974099448775 0.00191974099449086 0.00191974099448775 0.00191974099448463 0.00191974099448775 0.0274779587752053 0.0274779587752108 0.00191974099449086 0.00191974099448775 0.00191974099448775 0.00191974099448775 0.00191974099448775 0.00191974099448775 0.00191974099448775 0.00191974099448775 0.00191974099448775 0.00191974099449086 0.00191974099448775 0.00191974099448775 0.00191974099448775
0.0019315256046806 0.00191968973291469 0.00191968973291469 0.00191968973291469 0.00191968973291469 0.00191968973291469 0.00191968973291469 0.00191968973291469 0.00191968973291469 0.00191968973291781 0.00191968973291469 0.00191968973291469 0.00191968973291469 0.00191968973291157 0.00191968973291469 0.00191968973291781 0.00191968973291469 0.00191968973291469 0.00191968973291469 0.00191968973291469 0.00191968973291781 0.00191968973291469 0.00191968973291469 0.00191968973291781 0.00191968973291469 0.00191968973291157 0.00191968973291469 0.00191968973291469 0.027477225049522 0.0274772250495272 0.00191968973291469 0.00191968973291469 0.00191968973291469 0.00191968973291469 0.00191968973291469 0.00191968973291469 0.00191968973291469 0.00191968973291469 0.00191968973291781 0.00191968973291469 0.00191968973291469 0.00191968973291469
0.00193148460190384 0.00191963847944353 0.00191963847944353 0.00191963847944353 0.00191963847944353 0.00191963847944353 0.00191963847944353 0.00191963847944353 0.00191963847944353 0.00191963847944665 0.00191963847944353 0.00191963847944353 0.00191963847944353 0.00191963847944042 0.00191963847944353 0.00191963847944665 0.00191963847944353 0.00191963847944353 0.00191963847944353 0.00191963847944353 0.00191963847944665 0.00191963847944353 0.00191963847944353 0.00191963847944665 0.00191963847944353 0.00191963847944042 0.00191963847944353 0.00191963847944353 0.00191963847944353 0.0274764914397486 0.027476491439749 0.00191963847944353 0.00191963847944353 0.00191963847944353 0.00191963847944353 0.00191963847944353 0.00191963847944353 0.00191963847944353 0.00191963847944665 0.00191963847944353 0.00191963847944353 0.00191963847944353
0.00193144360560606 0.00191958723407172 0.00191958723407172 0.00191958723407172 0.00191958723407172 0.00191958723407172 0.00191958723407172 0.00191958723407172 0.00191958723407172 0.00191958723407484 0.00191958723407172 0.00191958723407172 0.00191958723407172 0.00191958723406861 0.00191958723407172 0.00191958723407484 0.00191958723407172 0.00191958723407172 0.00191958723407172 0.00191958723407172 0.00191958723407484 0.00191958723407172 0.00191958723407172 0.00191958723407484 0.00191958723407172 0.00191958723406861 0.00191958723407172 0.00191958723407172 0.00191958723407172 0.00191958723407484 0.027475757945847 0.0222605349354939 0.00191958723407172 0.00191958723407172 0.00191958723407172 0.00191958723407172 0.00191958723407172 0.00191958723407172 0.00191958723407484 0.00191958723407172 0.00191958723407172 0.00191958723407172
0.00193140261578738 0.00191953599679878 0.00191953599679878 0.00191953599679878 0.00191953599679878 0.00191953599679878 0.00191953599679878 0.00191953599679878 0.00191953599679878 0.0019195359968019 0.00191953599679878 0.00191953599679878 0.00191953599679878 0.00191953599679566 0.00191953599679878 0.0019195359968019 0.00191953599679878 0.00191953599679878 0.00191953599679878 0.00191953599679878 0.0019195359968019 0.00191953599679878 0.00191953599679878 0.0019195359968019 0.00191953599679878 0.00191953599679566 0.00191953599679878 0.00191953599679878 0.00191953599679878 0.0019195359968019 0.00191953599679878 0.0255225812019774 0.00191953599679878 0.00191953599679878 0.00191953599679878 0.00191953599679878 0.00191953599679878 0.00191953599679878 0.0019195359968019 0.00191953599679878 0.00191953599679878 0.00191953599679878
