speed.asc
NCOLS 434 
NROWS 250 
XLLCORNER -121.69454516 
YLLCORNER 39.36708274 
CELLSIZE 0.00381074763999997 
NODATA_value -9999 
[rows 171 to 189 of 250, columns 252 to 293 of 434]
0.0014245238030262 0.00155466176897651 0.0015943575329977 0.00132683167658234 0.00139536099479543 0.00175719090339767 0.00188978473151884 0.00172963659167825 0.0016293796318856 0.00162902639934428 0.00168246503982986 0.00173106817205979 0.00176582721174553 0.00191382853375834 0.00174428266921189 0.0127903299262665 0.00160407847282622 0.00158886857468968 0.00167436904930737 0.00168616348233582 0.00165267139567926 0.00170066275739576 0.00178985289368818 0.00185017871642954 0.00190524719652855 0.00194546751277629 0.00192299938464874 0.00204962635133002 0.028600681186181 0.010959708236572 0.00175107427073598 0.0017161303735511 0.00176112256303577 0.00178860332825263 0.0017510414380048 0.00187793207255619 0.00210530293694121 0.00188588106036921 0.00173961320073298 0.00158942039809463 0.00163251832320617 0.00182088834165382
0.00140999166664802 0.00151553108349321 0.00162850156105386 0.0013660667681465 0.00143888583108324 0.00173563204321678 0.00171905065625356 0.00151715759025821 0.00149615594480648 0.00152613449705322 0.00159783132891174 0.00169775955173735 0.00177381929722932 0.00185290957641298 0.00177678252544252 0.00577027110052628 0.00166838967479941 0.00167011401895184 0.00173594740983733 0.00169826651731274 0.00150876178041526 0.00149544908732516 0.00158407771031228 0.00161813793270773 0.00169426243379159 0.00183280577465646 0.00186091996265735 0.00204674067122139 0.0202625535546442 0.0017893875480284 0.00163656473791009 0.0016062653924196 0.00163998842083857 0.00156314224927446 0.00151271363169652 0.00168332972971086 0.00200027847479738 0.00181047472372201 0.00164488176803344 0.00145390945413088 0.00143633153417955 0.00153973998720344
0.00137272086822282 0.00147411207850459 0.00162139307295876 0.00142083136628273 0.00153439880146343 0.0018906328991543 0.00170889561507677 0.00156726091661279 0.00156631399625109 0.00157226244899036 0.00159878799860108 0.00165991061397698 0.0017700758303369 0.00188761490753483 0.00193380733099436 0.00181533232453213 0.00160041860370372 0.00172022676699623 0.00180667926028903 0.00197682394152535 0.0018617559942853 0.00178107259771984 0.00176867815174116 0.00178279893076047 0.00181938363018034 0.00190801811141816 0.00191255545971411 0.0276040612912346 0.0222222079577482 0.00176482685450162 0.00163861899577639 0.0017246570951608 0.00179885600201996 0.00182992342595812 0.0017418788382126 0.00178060150920476 0.0020135243418892 0.00182955441835753 0.00168899048017136 0.00152593328528141 0.0015717085782104 0.00171794580362567
0.0014978456492731 0.00167327081997048 0.00181065259427413 0.00170098012449779 0.0017298523880146 0.00198708133696033 0.00182869539797345 0.0017293619625533 0.00174471762674411 0.00174295558260387 0.00172121030412333 0.0017393568805883 0.00184741032418383 0.00193912099890258 0.00186852052181516 0.00171235081723975 0.00142684952133169 0.00164946612002083 0.00172703863131803 0.00190015424705003 0.00194418091034484 0.00194879388908059 0.00197097394294665 0.00198018166248898 0.00194613592145934 0.0019790502890204 0.0275351466631429 0.0341557638165827 0.00180817339004797 0.00171961280367602 0.00159869521563477 0.00166235776902817 0.00170894050437154 0.00186284519953429 0.00180578983518782 0.00184859649616916 0.00200777535417403 0.00182910259984685 0.00174413435386243 0.0016570313130857 0.00167131367401785 0.00181790583600569
0.0014665183068671 0.00161897092881293 0.00174357103863612 0.00151629903665635 0.00164223892687723 0.00195367609869743 0.00189094430682976 0.00180815709054669 0.0017573363707149 0.00174266859678054 0.00174720363359777 0.0017515536295957 0.00176989411382323 0.00175585310858748 0.00172819686823751 0.00173726092320363 0.00151688665247313 0.00172930099313166 0.0017207157789958 0.0017723586205962 0.00178187666261188 0.00180958733250115 0.00186762720033578 0.00196308263388346 0.001958607916641 0.00197070685786637 0.0275163204103987 0.0341743918262661 0.00181635987732739 0.00173316573132635 0.00161183256411148 0.00166867618269651 0.00173789304936344 0.00182353556400909 0.0018172451110362 0.00189161050039262 0.00194332905157726 0.0017128205157205 0.00171888207578925 0.00172680285374038 0.00171866781102751 0.00189616863126602
0.00150277420107153 0.00164428328163268 0.00164275802171494 0.00123525712277344 0.00147046924024056 0.00185339306985126 0.00193483993338278 0.00180733951042308 0.00172551360308335 0.00170650452783456 0.00175704955606448 0.00178072831521481 0.00173859459261267 0.00165928972979769 0.0017019069362056 0.00182260631869501 0.00160685815213049 0.00176764805550783 0.00171763416366511 0.00171486546232354 0.00169233809515503 0.00168617071430471 0.00172629216818527 0.0018524335926003 0.00188597792411883 0.00190966872912438 0.00190002462982343 0.0276072172339478 0.0221687806358708 0.00174201102715465 0.00165018830000897 0.00169916900726092 0.00175999848665031 0.00180401365193237 0.00177274316892213 0.00185280796499848 0.00178929489439795 0.00151797646992443 0.00152603789086351 0.00157920877543782 0.00153021024619998 0.00170424215514316
0.00161125547425813 0.00166801552442987 0.00179757394927218 0.00147127826962627 0.00140373370488711 0.0018673174531973 0.00177167390847696 0.00167450404088597 0.00161686459430379 0.0016468814351457 0.00169011344023832 0.00172182751738542 0.00173841417728288 0.00173712153117445 0.00176831407161065 0.0018540927841038 0.00160076330423021 0.00173522779674841 0.00172411335322088 0.00176739184372295 0.00175587100632268 0.00171850123290889 0.00173983597870867 0.00182417076143996 0.00187101662836622 0.00188445386811187 0.00188903269267901 0.00199048896696712 0.0201889707440505 0.00174348635369709 0.00167878828961158 0.00172509678533314 0.0017615267870264 0.00178495585308265 0.00173147094035391 0.00171062313193195 0.00162254833100341 0.00137414678255645 0.00144644922861657 0.00153020215539165 0.00147641916813494 0.00153591585249272
0.00165166831399533 0.00142726416488789 0.00163699035608427 0.00151742176776256 0.00156511635965798 0.00181228857161368 0.00160066055500055 0.00154569924820284 0.00159146295260789 0.00161997142497031 0.00163463706992807 0.00166861933888285 0.00171907954268569 0.00178221790732351 0.0017988675220527 0.00179086850683406 0.00149295662363584 0.00165624880360898 0.00168174902822693 0.00181172551372156 0.00179634607660229 0.00174147820166228 0.00170975123926164 0.00173628052903223 0.00178328176367502 0.00183015314302656 0.00184788493957731 0.00196911768929549 0.0201771590994564 0.00170902478771145 0.00164321001408884 0.00169056293296951 0.00174910664209554 0.00179161846543385 0.00173210842084615 0.00165618077614477 0.00164717858023461 0.00140926952034112 0.00148747022023246 0.00149934761306488 0.001398157802237 0.00142429917645366
0.0016885809415838 0.0014824914776519 0.00135864396918834 0.00160554452504463 0.00183967791648484 0.00179218656983377 0.00149439051950664 0.00154908002819661 0.00163636270933787 0.00164669183137677 0.00163388125625751 0.0016429890504331 0.00171263724023749 0.00181913053746332 0.00178807004263387 0.00171319278594836 0.00146865624025262 0.00163224435643539 0.00166598122386875 0.00177094751634992 0.00174558846563672 0.00166537907724483 0.00164656544390106 0.00167641527876004 0.00173332703834912 0.00180856507473816 0.00185598264830586 0.00200475660032442 0.0221804565911106 0.0272667254556622 0.00157642764842057 0.00165171768939964 0.00174607759045668 0.00179213793818624 0.00175777049281024 0.00173397249106153 0.00175469900269427 0.00152082688025671 0.00149939503971748 0.00153355132769994 0.00144029249308777 0.00139190583178416
0.0015564158696084 0.00140719213504315 0.00141350227946744 0.00161493953962297 0.00163734216883533 0.00156402546304768 0.0015687315871813 0.00167822352810648 0.00177530634972697 0.00179067157348762 0.0016965442292533 0.0016639955756729 0.00173120657967367 0.00183137934242633 0.00175659439602402 0.00166066459104474 0.00152662031191665 0.00168176973022244 0.00163880448311193 0.00160354143333116 0.00159215807174092 0.00164400269736724 0.00167787919392187 0.00179043071160896 0.00186192856454361 0.00191108612822598 0.00197608414331078 0.00203444533012284 0.00190293151954869 0.0273769388557172 0.0271711891103078 0.00160372038708726 0.00175606875204677 0.00175475664983036 0.00169973104361509 0.00169198958893817 0.00181508746415585 0.00158385008370572 0.00147483104037843 0.00152939555674947 0.00147809473459891 0.00146165603034473
0.00129359733912187 0.00147444635417213 0.0017655619878582 0.00175442207014786 0.00146353939124731 0.00148524410565083 0.00159639808816915 0.0017605860990526 0.00185508923860871 0.00193154966104222 0.00178220145386941 0.00169396276519799 0.00174135095387655 0.0018235886191783 0.00176033859512615 0.00164354851597631 0.00154977541092718 0.00174326339014415 0.00160458715651506 0.00153122397346642 0.00156694139626563 0.00178206546772134 0.00194369216079052 0.00201445050316398 0.00197448098226681 0.00188925815374907 0.0019485470007638 0.00191716162075668 0.00196585940421666 0.00204448573520225 0.0273612573576928 0.0272136086448553 0.00166967799453639 0.00168992340491044 0.0015972254763296 0.00160944548348373 0.00181353844454174 0.00162471049471625 0.00149102400097478 0.0015479573681795 0.00171589774660764 0.0222033992662201
0.00142433365698039 0.00182814087241923 0.00189705458527192 0.00166642778304055 0.00150206155670657 0.00156675482605543 0.00163464040119731 0.00180563703248442 0.00183696900266432 0.00198372700464879 0.00191807633702028 0.00178914874433562 0.0017500954016336 0.00177391706501218 0.0017616720973484 0.00168124420269336 0.00160043559280973 0.00179206688322518 0.00167991454101704 0.00158804966552019 0.00162769652716932 0.00191887136422072 0.00187268970611625 0.0017862728835369 0.00170564841657808 0.0016441021146935 0.00170251089861661 0.00167232875894974 0.00167171683377574 0.00188182422689702 0.00195379990710125 0.0273860723777942 0.0272577370217738 0.00164755202695117 0.00156270833563828 0.00161816513684394 0.00184002429763906 0.00172071933285745 0.00161728309179377 0.0168687421252982 0.0295105792920262 0.0220177891297423
0.00169819377337055 0.00157073807498844 0.00151527818735818 0.00144302675613807 0.00145192475457606 0.00151255909030526 0.00156252228232878 0.00175700761684065 0.00181522892986476 0.00198216850661907 0.00203751090982386 0.0020341143385067 0.00191145031713756 0.00182079970044097 0.00187673337157996 0.00187863757833965 0.00176236582694387 0.00196860448765149 0.00191736554942661 0.00171486916634354 0.00171984209371385 0.00191097033547393 0.00173494980398845 0.00172185046965035 0.00174694604340739 0.0016044095264826 0.00160840533275615 0.00154624887261148 0.0015982962692427 0.0017885110307851 0.00191017267517438 0.00197611855251172 0.0273437766877526 0.027217365345835 0.00157136390077396 0.00167016083443831 0.00186280431852351 0.00186323632378827 0.00194855432388149 0.0255864409434874 0.00184371694344117 0.00152849314460994
0.00139859444719389 0.00123243384343256 0.00117096338220429 0.00123699066564249 0.00130258087150447 0.00135578489985198 0.00142422563445428 0.00156974585477501 0.00162089298344699 0.00173168093830816 0.0017752361601621 0.00184896206929392 0.00184129740206956 0.00172192902863294 0.00183787744348235 0.00192533441809037 0.00178441265616793 0.00190369983252861 0.00184493468068269 0.00174704995601444 0.00170466906010874 0.00176805992428358 0.00162407942193296 0.00159548641132155 0.00173058575206793 0.00170471501911118 0.00165406867568292 0.00170015258081407 0.00180123555945346 0.00180012996595466 0.00173860550405813 0.00184884758233623 0.00188092283918614 0.0272387915864868 0.0272236416382644 0.00176101622431661 0.022256510915059 0.0242467247988118 0.0243113531897937 0.016899298106654 0.0016306236679397 0.00148776522237146
0.00132998547990352 0.00131045921123319 0.00134087673332124 0.00142076922549821 0.00152546885688324 0.00159203904550234 0.00160577041795223 0.00153043176977039 0.00157193450595739 0.00170566194400336 0.00175985939740607 0.00187915588945753 0.00192074507836935 0.00167929052814667 0.00160824805985407 0.00179575807948413 0.00187948386642265 0.00192520890389976 0.00182398654499579 0.00179188600415524 0.00176748697345032 0.00178522478644496 0.00167547798551528 0.00149281510097436 0.00152953257010177 0.00161250438159935 0.00167129212120725 0.0017025191127571 0.0019612179291276 0.00172016600940096 0.00160059930124545 0.00165812477434988 0.00184399483843537 0.00191986518686767 0.0222903392141337 0.0294349419109845 0.0223048068191279 0.00195873886116455 0.00188197740430105 0.00167000452192886 0.00160911639272997 0.00156542654390685
0.00161641458095895 0.00162056651334006 0.00162819081771094 0.00168676098842384 0.00172328577741252 0.00179162597177451 0.00187962445198197 0.00180432779374767 0.00183686625695077 0.00192326897991749 0.00193390543048513 0.00192300565750367 0.00195822573827447 0.00187834045761431 0.00188899974418863 0.00193432640901907 0.00189253758959891 0.00179556114779567 0.00168464734444979 0.00171085585482429 0.00173490327566091 0.0017622394730975 0.00177189576683927 0.00171260083848546 0.00159379131292448 0.00175000861484199 0.00177163956490698 0.00163010321414462 0.00160224652917322 0.00155571735433802 0.00143715041473347 0.00152194082212972 0.0019193363329157 0.00205529624497411 0.00174140754598855 0.00143141407467159 0.00144732753606641 0.00165601378555891 0.0017673016556978 0.00163018931957778 0.00166743012897721 0.00167321764043943
0.00168879066573054 0.00167954998433291 0.00164857331610693 0.00165316216702345 0.00161524289381444 0.00162820676781173 0.0017701072026331 0.0018710000905503 0.00192502509250524 0.00198891252717553 0.00196370335555932 0.00178890888750742 0.00168278101178552 0.00191217727809584 0.00201560975767673 0.00185567918667211 0.00176590879905624 0.00164040343284154 0.0016459093463166 0.00166057028234283 0.00160530391694546 0.00155703648375344 0.00155498890542154 0.00159253631902592 0.00153676502061441 0.00171417701052919 0.00171580610358544 0.00146325594498374 0.00145503359066021 0.00139232028572177 0.00127596997703099 0.00144269238198194 0.00198527826174276 0.0018776978542612 0.00154950199870143 0.00129452825310463 0.00131775200076207 0.00155886006547196 0.00167054854656834 0.00165333816021752 0.0016950630947432 0.00170404755592357
0.0016821485508302 0.00168155545099772 0.00166571225815508 0.00163857474719956 0.00158797135752508 0.00166968863851794 0.00182162147638243 0.00190131958516457 0.00192361871512494 0.00193787991143657 0.00192555642594685 0.00186419902119685 0.00179751055396312 0.00191357763024579 0.00201114891743851 0.00174048848509484 0.00163471400958945 0.00154720197287205 0.0015874188069324 0.00163352452045509 0.00151235301094158 0.00138624567608547 0.00124637105941168 0.00115877980474119 0.00113436659424539 0.00138143774215064 0.00161660116822298 0.00151942124167935 0.00150275601346028 0.00139173355547959 0.00122377900368607 0.00143806686114813 0.0020149789883409 0.00172070166555457 0.00140529105626356 0.00133551079320882 0.00139727974294608 0.00165271475857016 0.00168170710326287 0.00161510378748889 0.00160838167969168 0.00150174106729535
0.00159140790913136 0.00169750976495701 0.00173881577583923 0.00171340804248766 0.00168178627732724 0.00169502821176521 0.00181134773926433 0.00190478607882816 0.00188276290406063 0.00178828096689171 0.0017593973493274 0.0018750651217934 0.00187047023213236 0.00190990733769898 0.00191434524064938 0.00166608179041956 0.00155082816759566 0.0014443915165793 0.0014699983043508 0.00147024003031905 0.00150250126971792 0.00146499833320209 0.00157930486606135 0.00134209370713237 0.00117156316594081 0.00118004975687061 0.00131836556822086 0.00151609640517011 0.00147133117867622 0.0013569231732928 0.00120920763557129 0.00146441134245596 0.00196673236976557 0.00156011326976055 0.00127959857600371 0.00124650600311744 0.00145041530495215 0.00176949994733915 0.00176438462115597 0.00169615997172166 0.00161395122031151 0.0014426123693182
