speed.asc
NCOLS 434 
NROWS 250 
XLLCORNER -121.69454516 
YLLCORNER 39.36708274 
CELLSIZE 0.00381074763999997 
NODATA_value -9999 
[rows 114 to 132 of 250, columns 294 to 335 of 434]
0.00167765839940419 0.00177962018715495 0.0129198697675201 0.00193301562264946 0.0244548286486015 0.0327367540669618 0.0242633304319541 0.00168492883290961 0.0168964579461491 0.0220523327197433 0.0222535596342758 0.02224997744772 0.0253768578435331 0.021069636193057 0.00177244059616607 0.00181447572878447 0.0182470560592954 0.0224354786021225 0.0173378084247261 0.0172993610822054 0.00195699058870489 0.00192670464911156 0.00194337569424402 0.00193097106134588 0.00195624197506553 0.0223491684184484 0.0361198238347811 0.0359695977158303 0.0354931073817235 0.0137185120866743 0.0013777387883748 0.0136455318617448 0.0149855506385194 0.0119080677158101 0.0120463425706817 0.0151876899207992 0.0139591592288964 0.00176408613067708 0.00187091799523308 0.001979587063933 0.0224778248271514 0.0275504066541541
0.00168035179908832 0.00167583672634313 0.0211283287228952 0.02877785702252 0.0295571393338507 0.0326103480830727 0.0241907657078928 0.00162921272650354 0.0200078406192494 0.0290978781736213 0.0324638509137513 0.032353290966158 0.0291841975978646 0.0170169995862584 0.00177325076986474 0.00187160349071152 0.00194983587076681 0.030755221615939 0.0305464602841491 0.00196371984299781 0.00201011859441359 0.00198962990810749 0.00201500885240199 0.00199444335521623 0.00197120746236293 0.0256073634523211 0.00201565069063035 0.00195562980159348 0.0222473782939323 0.0415509993984926 0.0385040761055183 0.0137383484156044 0.00154051923405865 0.00163298927955973 0.00178025016793097 0.00179349186713938 0.00179720612200607 0.00184779267372953 0.00198135637257878 0.00200361010884387 0.00206450474410039 0.0275587843062643
0.0254781252847065 0.0253335824449735 0.0293741203305551 0.0326965217145756 0.0294448478573709 0.0253893882968875 0.0190188184208351 0.0130146619343277 0.00158145384398262 0.0240631340171309 0.029367656647406 0.0252346599830802 0.016757314285547 0.00144055873488475 0.00158234572272012 0.00171972836886159 0.00185525175854555 0.00194409259838634 0.0208879842006649 0.00193493431416551 0.0223786888204612 0.0243338900046489 0.0190917701701783 0.0191007100471522 0.0243302058251922 0.0171077498253584 0.00190495098338595 0.00189435585102681 0.00200178313652254 0.00196603309125959 0.0273744618405991 0.0220442102879607 0.00159871023702132 0.00169936572042437 0.00183603159799426 0.00180842457329924 0.00185085774238658 0.00188567814327729 0.00199202592046067 0.00196195612610873 0.00201656200049963 0.00193246603653348
0.0325153700687107 0.0324472293343778 0.0324950908605741 0.0295718930018315 0.0203538249675303 0.00174417170484563 0.00166141422833688 0.00164438683078605 0.00164938496645494 0.0240581420631212 0.0273049554032287 0.0014928974810742 0.00142181079912881 0.00144211606578282 0.00153080637503126 0.00161379885501676 0.00176897871690784 0.00184882205163818 0.0211174054831247 0.0384774234710556 0.034071499866595 0.00180010893826609 0.00172635178048281 0.00175459111958511 0.00178738619839787 0.00177977401397034 0.00170977151208905 0.00173047910939392 0.0018419589630687 0.00196560634394399 0.00186378794205585 0.0253919271542637 0.00159651433465265 0.00162558842984838 0.00172150416027363 0.0016822889869781 0.00171073747874521 0.00180858065052951 0.00184775557608173 0.00183490536122812 0.00189682819469114 0.00186824322003515
0.0325493463435901 0.0325528208030587 0.0325084426587924 0.0274965062948188 0.00192112184096347 0.00189991404596113 0.00179334896378477 0.017134474714042 0.025390469427801 0.0262063911338835 0.0223376653868896 0.00986814365620631 0.00157413533740985 0.00149635962648431 0.00150798923384269 0.00982938524801003 0.0190909704846844 0.0255104024253066 0.0181355610561187 0.0340904235763724 0.0341382878370957 0.00188209717210665 0.00179228650157063 0.00185425447961952 0.00190047701404337 0.00187911512640339 0.00180766345008125 0.00178522864376564 0.00183454238111411 0.00193998318339354 0.00198706211976551 0.0171418058950197 0.0292986916413681 0.0220184509381797 0.00160240220297292 0.00161266229844032 0.00167982211150657 0.00179749026505817 0.00188379285943104 0.00190502044481059 0.00588800334280949 0.0018935376922669
0.0293617818981816 0.0253932443590182 0.0253854052906253 0.0262079195337902 0.0254829376746681 0.0225347262502094 0.0255471824380146 0.0294652665544164 0.0325150443310527 0.024207758002117 0.00182626236209607 0.00164222371080266 0.00157650051015579 0.00147872047320571 0.00146965488757211 0.00149035594889502 0.0209779411359734 0.0254580274977518 0.0142023999185811 0.0341426088187794 0.0341481982540928 0.00189172624666106 0.00180314170047954 0.00183091819491852 0.00183525516280989 0.00182393404183036 0.00180074325962051 0.00182406843266217 0.00187681194110681 0.00186448327119633 0.00194494208655865 0.00207542580966767 0.00186727636696888 0.027423800854206 0.0272918259777687 0.00164273875772686 0.00166167103381216 0.00173883891821345 0.00180902877188209 0.00187054207105846 0.0160692446050292 0.00185889483305475
0.0274333029566962 0.00181178308034407 0.00172754456990141 0.024186360663217 0.0254661750995685 0.0256877742141165 0.0295057181029805 0.0326247641116154 0.0325731379903272 0.024141928952001 0.00167438487260106 0.00158199859608884 0.00152947464896663 0.00147013191691691 0.00146876702131992 0.00153637505541369 0.00875629350903927 0.00172549078806381 0.0018924435761296 0.0275844284412457 0.0289275623112021 0.00186756710394275 0.00178214875948886 0.00181062107732646 0.00184994969217335 0.0018681741209739 0.00186008346425979 0.00191741044849596 0.0019091073183903 0.00180237801919544 0.00195930292739226 0.00205827783074966 0.00204351058084165 0.00206172921312827 0.0222907268237071 0.0241952561953893 0.018917958379001 0.0241321958441175 0.0260164666663888 0.0183207544295138 0.015991752338984 0.0214719371161454
0.0292774652763823 0.0253570878128254 0.0221983740171163 0.0170756395757393 0.00180478909391856 0.00184099646422854 0.01711841296424 0.0221497198722254 0.0223259592463874 0.0222110788280873 0.0169841116534963 0.00154570383919219 0.0014903997869086 0.00152116775538121 0.00162244595840431 0.00174436787209553 0.0016916424397564 0.00166153388433752 0.0017617221989616 0.0018803856925628 0.0203243026182789 0.00186997660897623 0.00180747931438415 0.00183580608801975 0.00190094843703218 0.00192379200930909 0.00193125774542741 0.00195278763130412 0.00193474853743016 0.00180328177318061 0.00190609050745099 0.00183936621360076 0.00191934255943628 0.00200616667320124 0.00198713023157542 0.00194223248847243 0.00186345061469704 0.0017963129616809 0.0324639549925629 0.00172570246474243 0.0016514191528469 0.00163950968372147
0.0323850665137258 0.0293579683340923 0.0202639339250392 0.00172677646217828 0.0017402339264628 0.00166516420632004 0.00153575886343838 0.00148065369992578 0.00163658769155297 0.00165558609958826 0.0241748439689139 0.0253726400515454 0.0221768285577293 0.0221906314431696 0.014073364182845 0.00175114375030529 0.00165452194195812 0.00166184749777459 0.00171129015621993 0.00173649092563279 0.0221753082296624 0.00196091583586968 0.00190209255680358 0.00193513358019936 0.00200566405010482 0.00202603419267994 0.00206478465552413 0.00198941693892869 0.00189043061072517 0.00181739793252967 0.00187950463964275 0.00173381793241224 0.00187954013284867 0.00197057235456691 0.0020318553433183 0.00209144597163463 0.00206834723328042 0.00197636545290589 0.0222944898297604 0.0222452824257992 0.00172230171059 0.00157919126055774
0.0324168291837149 0.0273375116238384 0.0017335627605211 0.00172928846311242 0.00169502332145793 0.00164981652478022 0.00152474368866596 0.00144150745450329 0.00157825475701988 0.0202275118028563 0.0294366151859191 0.0324842807152772 0.029315133848167 0.0285305084570409 0.0212138514893154 0.00179858305097441 0.00171649850163812 0.00175907109376045 0.00171522498021291 0.0201369856760378 0.0312112257025275 0.00194554577919143 0.00190910473997956 0.00191212712001579 0.00188916699779459 0.00189985874035251 0.00200892853862751 0.00198909536443751 0.00188340135998549 0.00186524462248649 0.00194258428679804 0.00182597508422457 0.00193486445166097 0.00194768014929034 0.00191637096908466 0.00184315622669384 0.00185669868264504 0.00194970819710822 0.00204280083064038 0.0203262135679786 0.00182154222031821 0.00167038197292818
0.0324361676982708 0.0292548559689622 0.0170647749263689 0.00177548179580843 0.0017875275493144 0.00178537863666179 0.00170141084346691 0.00173700713310775 0.0203331674390629 0.0295608920643918 0.0296510879828475 0.0254599031294034 0.0170850542643683 0.00171961466359657 0.02133496328689 0.0172344217608614 0.00178331697316937 0.00186902050522226 0.0139450239557019 0.0220781491290025 0.0272062627515015 0.00192380720026687 0.00190576036304225 0.00186261797294255 0.00178214933240616 0.00181451755848328 0.00199313362821611 0.00203472321268098 0.00194833809661907 0.00195530167561501 0.00202082582820676 0.00189641968813227 0.00193449420712941 0.00187526989777281 0.00180172988661521 0.00165688266732525 0.00168888949797772 0.0018294842877225 0.00208578984610855 0.0151514324618757 0.00197534038480464 0.00194204354068238
0.0253367155727535 0.0253179788801067 0.0179119237759978 0.00183802747099245 0.00190242356365129 0.00193615775627474 0.00187366964899125 0.0172071467769322 0.0253468235343677 0.02620067743745 0.0203458287041215 0.00157398877872906 0.00152950421069227 0.00157818765168154 0.0245296334151748 0.0243347867795418 0.00181796583351718 0.00189146521659354 0.0159029854153903 0.00152067477993885 0.0149343548619085 0.00194248088385096 0.00192721757676177 0.001891739888797 0.00188663288969919 0.00190555611317579 0.00200232041828674 0.00193091717424733 0.00183792741368587 0.00184384543994765 0.00193099585122984 0.00177345568261604 0.00191247290752412 0.00194483374797319 0.0019527095841093 0.00183075252494339 0.00176085500334215 0.00186060784633919 0.00205076944023335 0.015124029088585 0.0019633161428366 0.00191317573378509
0.00175128678594596 0.00174879070317641 0.0159301484943442 0.00182378076353683 0.00193830354265122 0.00212118949411774 0.0173796843363931 0.0171760985920604 0.00154354353350194 0.0116572244066814 0.00154409952869713 0.00124415917270434 0.00131874471756918 0.0136999516757389 0.0255804720058148 0.0231404503452799 0.0214430562894351 0.0222390828721729 0.0177172464075776 0.00143372677102512 0.0149044805888476 0.00193115421159765 0.00196240306378832 0.00196494142414288 0.00202954465091007 0.00208208006102665 0.0020158834512009 0.00186944012568312 0.00172438823304374 0.00165509274667638 0.00173279192775954 0.00155887975432423 0.00177675279321045 0.00190671379283787 0.00194142521482093 0.00190876229477042 0.00189615218233822 0.00197551344740314 0.00203705416009618 0.015139275590324 0.00192278958478809 0.00181213422734752
0.0203298887173748 0.00176741719065621 0.0211155019117352 0.0255483588114934 0.0193341679471298 0.0185693088710998 0.0141421842570464 0.00182096847105118 0.00166402058668182 0.00157489806787928 0.00160654549697136 0.00143468766983078 0.00133159513469734 0.0156913709349248 0.00182438334504305 0.0159518321343785 0.00168780721879194 0.0240939446204232 0.0239711178254577 0.00144440382540661 0.0201364806551925 0.00191120353854213 0.00199564179025363 0.00196182850633704 0.00196476235732347 0.00196268555114922 0.00194392873239339 0.00191240956815648 0.00186932212998371 0.0017976324508191 0.00183660151684703 0.00177615100390717 0.0018817847217599 0.0018249983535135 0.00181111328030078 0.0018387235265852 0.00191305026828491 0.00199496988605636 0.00202490375046316 0.0151194437087381 0.00193348093014524 0.00187898084843007
0.0294087095238702 0.028598333850987 0.0294991069318604 0.0295737679066859 0.0203571995497036 0.00178578575429381 0.00174287620334389 0.00167888711445182 0.00177280922780227 0.00169011524875764 0.00160743514329014 0.00152930311531869 0.00976185224702687 0.0106928881246037 0.00179328217084598 0.0128405799009251 0.00174064570536747 0.0241504909551065 0.026109618874432 0.0130498290114238 0.0222696397480127 0.0275930276045777 0.00210427464348597 0.00196652355619108 0.00187038672541875 0.00182810329584446 0.00177185752724378 0.00175760041523669 0.00187486576365552 0.00187010748959029 0.00183337878720094 0.00189044162038063 0.00186847756027725 0.00154226293374862 0.00167148119924389 0.00177586415939459 0.00190834530079693 0.00201961786942805 0.00203275866580373 0.0150833780312649 0.00189197392067109 0.00188088017844519
0.0294138723638164 0.0325804117561453 0.0326791177680146 0.0275410142707394 0.0018313793067287 0.0018247820960546 0.00181608885818925 0.00169336248675062 0.00176641477072576 0.00172035505093583 0.00164326282753292 0.00159899099444916 0.00161673582450692 0.00166844716618121 0.00177063464369397 0.0179840173587004 0.0254376102819436 0.0222966129983428 0.0171447502229991 0.00183509974841275 0.00199307540015905 0.0223427421518843 0.0296112131441357 0.0223465463530992 0.00190579970746396 0.00188383181206691 0.0018421874092583 0.00182416197479417 0.00187393887632916 0.00188271920935281 0.0018523123774848 0.0018749849503457 0.00180945959604854 0.00164651775424989 0.00172982391705106 0.00180016067795148 0.0019118788956302 0.0019974419119663 0.00200771040551081 0.0255439174122784 0.00191402041362105 0.00189647564388711
0.0234534735504568 0.0294845198466337 0.0327280148670168 0.0296126604196408 0.0171972344484433 0.00180061525307125 0.00177778325728995 0.00164034701948788 0.00167460607098812 0.00565458823004149 0.00169054642569938 0.00164956027459211 0.00170768958323597 0.00174041460159287 0.00178360648595838 0.017172062212977 0.0242776713092019 0.00185283613465239 0.00194265335987984 0.0019413095277343 0.00200019633892418 0.00193299362526077 0.00191275629458011 0.022312758749492 0.0295487728606325 0.0170907393031192 0.0018864281234891 0.00187079394634868 0.00189090372534966 0.00191167272097009 0.00189866556012035 0.00190178142843345 0.00187055905910015 0.0274578327748863 0.0361143952534991 0.0361933700663151 0.0362104559289946 0.0362150416571919 0.0414538280435644 0.0375475705537611 0.0296136350344548 0.0191385278482061
0.0018046470848297 0.0274104860181512 0.0326437750852296 0.0328152782473612 0.0243173696051397 0.00180630482425236 0.00174321073511106 0.00162424004781627 0.00168283900694322 0.0159402250877532 0.0017659683340116 0.00172191334149224 0.00175469017958697 0.00178449211892364 0.00181841387157314 0.00186003467320401 0.0172723146725741 0.0173226473608731 0.00207007470413069 0.0019685570743506 0.00195399719262979 0.00192974276003635 0.00187945400375057 0.00191355204590091 0.00195004410950211 0.0255835367006185 0.00196209198505628 0.00195249872040935 0.00196307320307807 0.00198814814750451 0.00196744866249628 0.0276200994863805 0.0414217157997055 0.0427931735483829 0.0413703306624864 0.0359992193034007 0.0359846329294335 0.0360527564604295 0.0361779543575757 0.027597378052517 0.0020116108720661 0.00199551683417185
0.0253902773383117 0.0293149620496299 0.0325161539952047 0.0326736997724366 0.0264078325363862 0.0184339913241598 0.0151848131261286 0.0190743215219978 0.0222987837489933 0.0223696289085241 0.0223466894179373 0.0171761592472646 0.00181602003716955 0.00184278655298867 0.0018655426964956 0.00190219940892196 0.0019331120509327 0.0212597474759007 0.0134038636234499 0.00190083003883747 0.00187951368114488 0.00188834608890382 0.00184505347349213 0.00188699561892502 0.00192006420651319 0.0223193719299352 0.0275648292364129 0.00197339205456463 0.0019696458527128 0.0223780886226516 0.0295660248941036 0.0310048580047092 0.0361250892329183 0.0274773447733012 0.00176708197666248 0.00163599718676285 0.00170666365637028 0.00171878616670496 0.00189182089058297 0.00195894150187278 0.00199653502099153 0.00195008841879291
