topomap.asc
NCOLS 151 
NROWS 103 
XLLCORNER -121.5 
YLLCORNER 39.4666666666667 
CELLSIZE 0.00833333333333328 
NODATA_value -9999 
[rows 38 to 75 of 103, columns 0 to 84 of 151]
1625 1682 1717 1732 1789 1872 1907 1939 1948 1966 1927 1904 1890 1856 1912 1997 1904 1864 1962 1921 1879 1826 1885 1782 1509 1203 1004 775 776 786 796 876 969 1018 1051 985 953 910 954 1170 1400 1515 1546 1593 1615 1528 1437 1222 1190 1193 1115 1074 1205 1317 1358 1351 1386 1344 1372 1297 1174 1132 1074 1055 1023 996 1031 1078 1164 1303 1337 1413 1503 1578 1630 1658 1701 1694 1634 1728 1930 2092 2094 2118 2172
1595 1650 1651 1688 1747 1840 1896 1896 1881 1902 1872 1841 1815 1809 1905 1902 1859 1939 1971 1900 1938 1934 1853 1596 1283 1058 819 836 1134 1129 1180 1193 1343 1304 1408 1246 1206 1143 1064 1104 1277 1407 1521 1635 1663 1621 1583 1523 1500 1382 1309 1316 1272 1451 1478 1445 1363 1388 1403 1304 1169 1074 1066 1117 1088 1059 1088 1154 1123 1077 1209 1300 1349 1420 1542 1595 1629 1616 1601 1702 1868 2088 2152 2056 2034
1568 1590 1628 1718 1807 1868 1872 1846 1794 1823 1812 1774 1737 1777 1820 1825 1828 1873 1893 1821 1810 1847 1834 1583 1254 906 783 1072 1416 1459 1496 1490 1632 1677 1647 1620 1468 1388 1320 1279 1360 1473 1582 1634 1610 1584 1558 1544 1562 1540 1518 1531 1470 1455 1444 1404 1318 1292 1323 1332 1258 1175 1124 1100 1121 1155 1085 1112 1143 1137 1112 1116 1233 1339 1429 1533 1538 1523 1577 1637 1794 1973 2129 2098 1984
1517 1572 1685 1757 1821 1834 1771 1708 1794 1862 1808 1773 1682 1666 1677 1731 1737 1822 1918 1838 1785 1724 1767 1569 1358 1041 745 975 1319 1623 1818 1814 1904 1967 1920 1922 1792 1788 1670 1522 1506 1676 1799 1702 1627 1584 1500 1470 1474 1466 1510 1504 1487 1427 1371 1293 1268 1324 1256 1240 1283 1308 1253 1198 1136 1135 1107 1070 1092 1122 1158 1094 1194 1271 1325 1420 1399 1417 1509 1520 1617 1786 1923 1950 1856
1477 1533 1612 1765 1796 1719 1648 1659 1810 1766 1785 1793 1721 1637 1564 1565 1715 1802 1842 1810 1712 1643 1473 1300 1196 1214 845 783 1173 1486 1609 1732 1830 1883 1907 1938 1942 1971 1862 1803 1757 1741 1803 1839 1813 1725 1602 1525 1430 1361 1385 1363 1334 1312 1344 1268 1227 1269 1291 1302 1295 1351 1301 1230 1163 1164 1131 1056 1056 1088 1059 1122 1217 1283 1283 1315 1314 1328 1390 1487 1630 1764 1808 1729 1734
1442 1516 1683 1767 1728 1633 1602 1658 1655 1626 1685 1725 1702 1666 1507 1486 1687 1731 1724 1717 1709 1599 1332 1035 892 854 715 753 1038 1239 1501 1718 1869 2017 2067 2052 2001 2013 2057 2079 1996 1843 1865 1789 1795 1741 1662 1563 1441 1294 1278 1263 1262 1223 1231 1195 1236 1283 1297 1305 1333 1337 1305 1234 1188 1119 1119 1072 1037 1036 1051 1051 1104 1194 1209 1264 1297 1292 1317 1416 1549 1658 1680 1613 1646
1473 1618 1733 1705 1660 1578 1577 1607 1566 1564 1585 1639 1607 1583 1472 1403 1570 1655 1641 1638 1512 1355 1078 846 700 839 917 922 1058 1337 1654 1917 1930 2044 2068 2014 1967 1967 1994 2030 2061 1973 1819 1797 1728 1646 1591 1521 1485 1287 1194 1173 1170 1183 1162 1140 1172 1220 1249 1304 1291 1283 1200 1145 1110 1095 1134 1072 1036 1036 1058 1059 1054 1062 1123 1202 1240 1263 1335 1397 1441 1547 1576 1547 1547
1554 1656 1701 1623 1597 1551 1487 1550 1505 1521 1495 1531 1509 1456 1442 1271 1405 1446 1520 1551 1250 1048 872 697 973 1288 1378 1347 1365 1496 1765 2043 2074 1983 1936 1936 1897 1901 1924 1941 2024 2055 1911 1805 1774 1664 1571 1492 1367 1306 1175 1142 1135 1123 1154 1183 1167 1121 1150 1167 1160 1096 1071 1048 1045 1064 1077 1038 1051 1044 1052 1057 1057 1067 1083 1087 1197 1289 1346 1376 1392 1442 1483 1510 1459
1495 1530 1540 1598 1519 1515 1423 1480 1485 1470 1430 1441 1430 1371 1351 1267 1187 1255 1351 1409 1129 780 678 828 1146 1419 1509 1402 1505 1714 1954 2107 2088 1988 1912 1865 1831 1840 1882 1879 1964 2079 2073 1966 2003 1805 1574 1406 1311 1236 1181 1159 1148 1162 1216 1180 1143 1161 1234 1334 1357 1289 1216 1163 1102 1067 1048 1054 1121 1094 1061 1062 1061 1087 1105 1082 1091 1162 1277 1340 1333 1393 1424 1489 1487
1444 1342 1336 1492 1563 1457 1344 1405 1425 1402 1422 1379 1357 1314 1319 1346 1228 1161 1260 1381 1127 782 722 1025 1251 1150 1134 1215 1357 1536 1662 1842 1912 1962 1863 1873 1894 1801 1778 1823 1896 2016 2105 2111 2037 1800 1539 1382 1297 1248 1215 1200 1160 1155 1151 1150 1187 1184 1240 1399 1430 1431 1392 1278 1317 1283 1160 1201 1209 1224 1146 1084 1082 1101 1066 1071 1132 1131 1169 1193 1250 1338 1369 1392 1444
1427 1298 1218 1400 1388 1325 1275 1355 1361 1381 1409 1379 1355 1359 1372 1327 1152 1091 1251 1290 956 702 767 1001 906 891 905 1015 1166 1277 1425 1529 1628 1786 1920 1976 1869 1698 1753 1813 1842 1930 1996 2081 1965 1698 1473 1368 1314 1277 1238 1207 1193 1197 1182 1212 1228 1229 1244 1366 1525 1629 1574 1501 1525 1501 1341 1354 1290 1223 1208 1262 1231 1177 1128 1114 1120 1213 1335 1231 1194 1253 1322 1350 1320
1320 1215 1135 1188 1261 1290 1403 1453 1426 1417 1396 1371 1387 1413 1346 1104 933 1016 960 860 654 701 789 800 916 980 1067 1330 1354 1345 1437 1444 1636 1824 1871 1790 1729 1615 1697 1729 1822 1859 1940 2040 1965 1764 1578 1428 1370 1349 1393 1319 1282 1266 1235 1261 1271 1300 1285 1345 1496 1606 1684 1742 1682 1641 1529 1465 1391 1355 1362 1410 1456 1417 1377 1287 1245 1209 1265 1387 1329 1263 1224 1218 1266
1185 1078 1220 1361 1428 1416 1427 1429 1435 1398 1355 1340 1368 1351 1189 962 700 691 645 773 897 1044 1206 1091 1163 1295 1271 1502 1609 1647 1684 1593 1594 1639 1620 1616 1606 1588 1611 1693 1765 1794 1904 1909 1866 1755 1570 1456 1415 1414 1434 1398 1432 1400 1349 1345 1310 1329 1342 1374 1440 1515 1609 1671 1743 1754 1645 1619 1550 1446 1576 1532 1520 1471 1462 1467 1389 1312 1312 1453 1516 1481 1369 1258 1213
1012 1180 1298 1369 1340 1365 1382 1383 1388 1383 1340 1336 1332 1306 1144 954 661 755 958 1290 1403 1466 1490 1479 1442 1478 1475 1496 1596 1606 1639 1707 1661 1635 1650 1593 1578 1581 1612 1672 1706 1794 1779 1701 1683 1681 1565 1519 1467 1522 1513 1539 1515 1505 1509 1471 1392 1353 1432 1416 1419 1478 1529 1681 1804 1884 1783 1793 1609 1645 1737 1662 1647 1557 1492 1410 1349 1408 1446 1465 1499 1493 1458 1379 1270
942 1116 1161 1261 1274 1275 1278 1332 1360 1345 1347 1365 1281 1189 985 700 615 773 1100 1464 1507 1483 1526 1393 1400 1438 1420 1398 1448 1512 1605 1677 1610 1697 1756 1628 1578 1586 1579 1613 1651 1694 1638 1631 1665 1752 1603 1586 1596 1567 1598 1638 1660 1651 1646 1565 1450 1374 1483 1530 1530 1602 1663 1732 1889 2021 2018 1925 1935 1900 1854 1744 1674 1572 1517 1404 1394 1380 1397 1402 1435 1478 1486 1467 1407
1031 1255 1248 1237 1267 1214 1200 1274 1297 1223 1320 1350 1260 1077 788 618 939 1143 1388 1465 1451 1468 1374 1297 1524 1654 1593 1491 1453 1434 1480 1533 1532 1639 1772 1733 1612 1602 1593 1611 1618 1657 1703 1744 1808 1788 1641 1610 1608 1643 1606 1614 1635 1663 1677 1674 1582 1437 1429 1479 1532 1634 1748 1836 1920 1987 2028 2030 1852 1788 1855 1801 1696 1556 1486 1404 1335 1343 1388 1404 1328 1377 1433 1483 1531
1125 1258 1291 1272 1266 1205 1147 1169 1158 1203 1302 1314 1109 889 672 664 1019 1248 1368 1418 1370 1362 1203 1457 1594 1668 1735 1662 1609 1518 1604 1620 1595 1585 1717 1702 1665 1620 1604 1618 1665 1677 1692 1742 1794 1691 1611 1570 1566 1575 1560 1597 1606 1634 1658 1704 1719 1616 1583 1524 1578 1659 1701 1781 1847 1804 1838 1931 1834 1606 1614 1770 1754 1606 1462 1403 1322 1295 1309 1279 1286 1275 1354 1403 1425
1088 1222 1241 1238 1225 1191 1133 1100 1059 1191 1220 1128 873 592 773 712 715 782 965 1108 1063 1079 1169 1357 1549 1692 1762 1758 1682 1677 1724 1664 1596 1577 1614 1614 1650 1682 1707 1672 1682 1674 1682 1693 1691 1615 1555 1534 1516 1484 1511 1547 1594 1627 1655 1679 1739 1758 1725 1624 1600 1636 1691 1701 1691 1564 1645 1790 1744 1624 1428 1434 1685 1673 1557 1395 1300 1237 1254 1385 1468 1515 1464 1414 1376
1004 1181 1210 1228 1196 1174 1166 1052 1035 1102 957 873 627 657 992 1058 996 939 928 942 1085 1426 1530 1574 1578 1641 1720 1676 1706 1740 1750 1763 1772 1696 1689 1646 1687 1724 1734 1744 1765 1786 1809 1796 1747 1717 1597 1511 1395 1490 1553 1591 1638 1664 1698 1706 1716 1749 1756 1600 1592 1630 1614 1483 1412 1223 1343 1389 1415 1370 1258 1263 1450 1406 1349 1301 1267 1352 1410 1485 1565 1654 1622 1580 1538
1004 1166 1236 1214 1203 1144 1134 1034 974 888 670 588 546 738 1013 1318 1368 1363 1299 1084 1146 1340 1593 1667 1681 1687 1634 1560 1578 1640 1683 1723 1789 1842 1858 1829 1815 1756 1717 1691 1713 1719 1746 1758 1784 1788 1648 1442 1296 1477 1603 1607 1618 1654 1706 1737 1787 1771 1700 1513 1366 1434 1312 1150 1190 1354 1365 1339 1326 1305 1459 1367 1350 1348 1417 1531 1430 1316 1482 1592 1673 1723 1728 1719 1729
1112 1168 1221 1173 1141 1082 1066 997 879 683 536 703 789 837 1050 1281 1367 1432 1271 1356 1444 1510 1540 1608 1627 1601 1540 1524 1507 1549 1594 1618 1712 1826 1854 1874 1906 1819 1753 1700 1702 1710 1660 1681 1720 1772 1688 1450 1232 1285 1477 1611 1661 1683 1671 1674 1692 1590 1410 1439 1200 1101 1145 1312 1534 1751 1793 1726 1631 1497 1630 1500 1639 1530 1691 1700 1571 1361 1309 1454 1594 1627 1741 1770 1827
1140 1132 1148 1204 1176 1111 979 924 798 634 518 643 932 1100 1259 1425 1485 1485 1407 1448 1530 1587 1605 1621 1623 1531 1483 1482 1470 1529 1556 1560 1653 1751 1817 1792 1818 1781 1779 1786 1695 1633 1640 1712 1758 1797 1759 1577 1378 1167 1298 1462 1502 1555 1476 1387 1490 1425 1257 1104 1078 1176 1444 1595 1709 1783 1847 1825 1754 1674 1738 1675 1837 1748 1808 1585 1487 1477 1434 1383 1419 1492 1603 1703 1827
1093 1081 1001 926 1070 1077 922 790 612 535 616 790 1081 1294 1366 1446 1486 1503 1428 1416 1470 1554 1565 1527 1604 1557 1457 1436 1495 1507 1505 1535 1656 1731 1724 1736 1711 1734 1768 1763 1697 1608 1697 1790 1750 1696 1714 1717 1604 1267 1094 1178 1299 1422 1339 1154 1093 1077 1051 1124 1208 1335 1482 1589 1678 1758 1822 1866 1850 1877 1903 1932 2007 1947 1729 1613 1768 1649 1658 1555 1387 1484 1663 1816 1918
917 982 896 755 731 813 850 654 510 668 842 965 1097 1295 1403 1457 1476 1470 1496 1507 1499 1558 1534 1452 1534 1582 1506 1433 1415 1451 1478 1575 1666 1680 1654 1650 1709 1751 1742 1707 1691 1579 1687 1735 1709 1600 1639 1707 1650 1483 1297 1140 1044 1234 1073 1021 1205 1332 1297 1405 1337 1399 1551 1652 1699 1731 1732 1726 1761 1855 1884 1940 2018 1970 1713 1836 1925 1839 1810 1634 1476 1423 1531 1698 1855
785 858 942 915 751 584 524 498 674 772 833 905 1006 1199 1398 1441 1376 1358 1360 1405 1364 1488 1536 1429 1431 1544 1588 1528 1538 1415 1429 1538 1608 1614 1611 1629 1728 1736 1697 1578 1478 1415 1626 1681 1611 1464 1543 1504 1356 1464 1293 1035 985 1007 1074 1045 1129 1163 1251 1385 1459 1478 1513 1571 1611 1644 1641 1607 1681 1703 1786 1870 2000 2016 1862 1995 2051 1853 1781 1638 1500 1477 1482 1681 1829
757 792 854 973 860 584 606 759 744 807 1038 1109 1159 1208 1281 1261 1268 1208 1236 1256 1327 1417 1511 1525 1414 1342 1531 1562 1451 1351 1421 1507 1558 1597 1536 1614 1696 1705 1601 1397 1202 1164 1437 1548 1340 1108 1107 1146 1030 1048 998 1082 1347 1206 1134 1206 1270 1306 1190 1171 1200 1240 1349 1347 1385 1460 1497 1526 1555 1655 1716 1792 1877 1945 1958 2042 1971 1819 1679 1691 1612 1528 1597 1541 1623
673 715 808 925 866 603 554 867 1043 971 1078 1234 1301 1320 1199 1062 1081 1108 1199 1215 1258 1344 1382 1421 1459 1270 1432 1484 1260 1368 1510 1598 1581 1563 1590 1599 1653 1633 1486 1243 1110 976 1087 1172 1066 899 1011 1019 1081 1075 1096 1224 1546 1603 1377 1234 1411 1487 1494 1452 1298 1330 1341 1481 1488 1566 1575 1688 1703 1817 1893 1874 1911 1978 2019 2090 2074 1912 1824 1778 1608 1603 1698 1705 1627
691 824 873 875 780 592 551 896 1227 1202 1196 1256 1252 1230 1155 925 889 1029 1138 1190 1218 1281 1333 1365 1364 1264 1254 1392 1226 1354 1486 1577 1488 1525 1543 1549 1617 1496 1273 1086 860 827 886 868 907 1097 1404 1484 1510 1424 1512 1536 1606 1788 1592 1498 1347 1463 1608 1636 1612 1567 1418 1618 1649 1718 1754 1787 1779 1850 1941 1956 1981 1961 2038 2119 2021 1901 1728 1663 1598 1762 1970 1970 1754
724 832 878 802 518 468 791 1092 1197 1203 1179 1189 1089 1087 1136 952 836 968 1044 1119 1184 1251 1295 1291 1242 1269 1213 1248 1185 1251 1425 1404 1363 1429 1420 1338 1447 1333 1041 823 919 1078 1198 1164 1268 1503 1667 1646 1663 1702 1778 1768 1716 1825 1833 1692 1578 1473 1665 1776 1764 1623 1614 1696 1792 1770 1697 1675 1695 1721 1780 1831 1891 1966 2020 2005 2023 1981 1857 1846 1677 1758 2019 2001 1812
846 888 742 651 463 548 892 1161 1100 1153 1120 1039 891 889 909 881 772 858 957 1074 1192 1208 1192 1210 1279 1196 1179 1284 1160 1280 1304 1341 1488 1477 1397 1235 1165 1074 814 897 1187 1440 1541 1535 1592 1628 1677 1692 1689 1713 1723 1785 1779 1782 1824 1823 1649 1631 1713 1702 1696 1675 1727 1744 1768 1683 1639 1704 1767 1761 1823 1913 1950 1952 1877 1883 1990 2060 2034 1896 1813 1772 1939 1902 1758
864 830 565 384 478 692 994 1078 1026 1070 1039 935 856 793 789 776 758 752 839 918 988 997 998 1118 1203 1203 1168 1120 1125 1227 1209 1393 1478 1443 1237 1119 978 832 826 1115 1371 1575 1577 1562 1590 1593 1593 1597 1626 1669 1652 1711 1719 1699 1743 1785 1756 1742 1709 1637 1647 1752 1749 1630 1650 1639 1690 1788 1855 1882 1858 1830 1842 1810 1795 1850 1962 2002 2077 1944 1879 1863 1977 1894 1743
796 675 522 388 684 941 963 921 972 929 921 907 930 854 790 733 711 758 825 816 837 860 902 1013 1088 1111 1154 996 1046 1075 1232 1430 1421 1225 981 799 757 790 1137 1426 1478 1496 1510 1491 1460 1485 1516 1537 1584 1591 1642 1664 1687 1710 1745 1770 1782 1690 1623 1611 1673 1648 1606 1559 1615 1684 1743 1787 1870 1849 1764 1715 1722 1754 1843 1853 1893 1954 1991 2014 1973 1974 1981 1833 1770
704 674 486 383 626 905 926 828 826 798 782 857 869 829 815 819 706 688 752 731 735 775 835 929 1007 1030 950 1055 1228 1181 1036 1277 1224 1033 807 697 916 992 1230 1458 1445 1484 1409 1357 1439 1493 1531 1572 1631 1690 1680 1703 1666 1685 1712 1740 1749 1716 1602 1600 1622 1570 1538 1551 1613 1665 1774 1861 1812 1765 1660 1625 1738 1778 1785 1924 2055 2135 2007 1892 1856 1851 1852 1794 1841
664 710 610 386 492 718 784 695 650 623 644 775 827 787 743 754 693 668 717 763 813 879 885 947 874 905 960 1099 1082 881 829 965 848 779 781 826 913 1107 1342 1405 1321 1363 1335 1391 1530 1597 1628 1663 1634 1659 1666 1653 1638 1642 1733 1720 1605 1660 1570 1549 1541 1541 1539 1554 1600 1690 1777 1744 1689 1692 1598 1665 1690 1700 1815 1927 2049 2232 2062 1888 1751 1739 1926 1943 1841
637 674 586 370 516 468 472 435 383 406 561 778 760 730 676 654 671 707 740 763 829 892 1004 978 727 808 947 774 771 654 692 745 760 962 1133 1200 1279 1273 1263 1275 1334 1396 1464 1475 1511 1557 1633 1680 1636 1615 1563 1585 1665 1648 1669 1524 1547 1619 1604 1602 1575 1548 1565 1582 1685 1692 1741 1639 1687 1557 1523 1591 1651 1707 1821 1948 2102 2138 1924 1842 1689 1768 2056 2098 1988
571 633 626 439 376 443 487 548 595 479 352 487 658 715 647 721 772 778 770 830 936 1042 1114 1006 878 840 674 585 697 880 989 1098 1167 1282 1348 1282 1238 1202 1230 1318 1361 1403 1416 1479 1549 1617 1655 1627 1543 1515 1527 1613 1598 1608 1501 1583 1701 1748 1727 1669 1609 1555 1599 1593 1651 1686 1722 1608 1504 1520 1604 1696 1766 1781 1867 1876 1964 1958 1788 1729 1691 1754 1909 1861 2008
501 539 630 644 635 657 736 804 839 735 535 346 584 699 665 650 689 677 761 910 1072 1098 1117 1116 1179 1082 802 587 739 861 955 1058 1139 1175 1187 1198 1229 1244 1284 1304 1350 1408 1456 1472 1516 1553 1591 1541 1470 1522 1583 1578 1502 1475 1481 1634 1688 1634 1728 1685 1643 1658 1672 1632 1678 1709 1636 1534 1469 1551 1601 1681 1761 1923 1993 1929 1953 1845 1692 1612 1613 1631 1652 1759 1945
511 428 587 684 695 719 729 763 860 729 423 363 407 437 481 549 666 823 933 1029 1112 1147 1205 1191 1107 979 772 596 978 1156 1227 1198 1214 1195 1196 1247 1361 1330 1310 1358 1371 1387 1403 1477 1508 1522 1471 1448 1533 1531 1548 1467 1407 1486 1583 1635 1592 1550 1654 1686 1662 1622 1692 1658 1673 1614 1538 1433 1504 1544 1593 1646 1746 1851 1784 1738 1790 1656 1562 1584 1752 1713 1698 1719 1833
