topomap.asc
NCOLS 151 
NROWS 103 
XLLCORNER -121.5 
YLLCORNER 39.4666666666667 
CELLSIZE 0.00833333333333328 
NODATA_value -9999 
[rows 0 to 37 of 103, columns 0 to 84 of 151]
1771.000000000000000 1643 1513 1480 1498 1518 1584 1656 1675 1678 1673 1644 1626 1616 1680 1782 1797 1767 1744 1752 1742 1619 1531 1499 1482 1477 1463 1462 1447 1426 1431 1405 1384 1375 1371 1370 1436 1461 1479 1587 1596 1569 1532 1541 1543 1538 1540 1551 1537 1526 1531 1534 1540 1570 1573 1575 1583 1589 1585 1578 1582 1585 1584 1595 1623 1586 1593 1551 1580 1664 1732 1792 1866 1809 1828 1899 2055 2146 2094 2039 1960 1852 1779 1739 1714
1772 1787 1715 1607 1522 1562 1505 1489 1517 1612 1666 1711 1677 1678 1604 1696 1743 1761 1777 1778 1821 1761 1639 1521 1499 1473 1451 1431 1427 1407 1397 1391 1381 1376 1373 1370 1389 1392 1388 1465 1539 1524 1512 1515 1517 1521 1515 1530 1532 1522 1521 1523 1538 1542 1567 1568 1572 1580 1581 1566 1559 1563 1570 1575 1565 1545 1543 1553 1622 1742 1849 1871 1910 1773 1822 1925 2033 2148 2160 2123 2000 1874 1848 1761 1706
1735 1788 1791 1738 1573 1519 1531 1559 1544 1482 1523 1688 1690 1639 1591 1690 1751 1758 1774 1770 1777 1790 1770 1616 1533 1493 1463 1436 1413 1401 1389 1387 1381 1377 1372 1370 1370 1370 1370 1376 1470 1488 1486 1494 1500 1498 1497 1504 1528 1523 1512 1515 1524 1525 1547 1557 1564 1567 1567 1556 1548 1556 1565 1567 1559 1549 1540 1559 1655 1732 1802 1822 1753 1695 1787 1884 1948 2038 2156 2148 2037 2030 1931 1802 1779
1648 1727 1781 1748 1688 1556 1498 1448 1479 1461 1592 1676 1664 1610 1579 1675 1724 1756 1722 1720 1758 1801 1819 1787 1659 1514 1470 1442 1409 1396 1389 1383 1381 1374 1370 1370 1370 1370 1370 1370 1402 1465 1462 1470 1482 1482 1478 1483 1495 1504 1495 1501 1511 1515 1530 1547 1555 1551 1540 1542 1544 1554 1551 1554 1549 1538 1538 1539 1545 1562 1606 1626 1670 1792 1803 1792 1868 1988 2116 2210 2191 2059 1926 1857 1864
1627 1689 1745 1759 1701 1645 1531 1469 1419 1460 1616 1658 1671 1649 1579 1615 1677 1629 1625 1624 1711 1792 1838 1839 1752 1619 1504 1439 1409 1391 1387 1378 1379 1370 1370 1370 1370 1370 1370 1370 1375 1442 1441 1443 1445 1449 1447 1467 1472 1463 1470 1535 1539 1544 1543 1538 1546 1540 1537 1538 1546 1544 1536 1537 1539 1536 1537 1538 1541 1542 1569 1615 1651 1740 1737 1756 1890 1899 1989 2199 2221 2064 2009 2007 1980
1684 1647 1696 1721 1686 1655 1553 1429 1413 1438 1532 1600 1653 1645 1560 1563 1619 1606 1575 1553 1598 1653 1704 1782 1780 1657 1560 1466 1413 1389 1384 1377 1371 1370 1370 1370 1370 1370 1370 1370 1374 1501 1488 1444 1409 1400 1394 1413 1435 1422 1483 1641 1696 1655 1666 1594 1580 1590 1548 1540 1537 1535 1535 1535 1535 1535 1535 1536 1538 1539 1550 1583 1653 1664 1681 1748 1815 1849 1924 2006 2047 2083 2158 2154 2024
1665 1669 1574 1608 1552 1542 1482 1424 1398 1402 1425 1514 1569 1588 1557 1533 1567 1564 1566 1552 1550 1533 1541 1576 1602 1615 1561 1510 1443 1396 1381 1374 1370 1370 1370 1370 1370 1370 1370 1370 1378 1523 1523 1481 1410 1371 1370 1371 1386 1409 1527 1684 1865 1860 1772 1719 1677 1765 1677 1588 1592 1560 1538 1535 1535 1535 1535 1534 1536 1538 1543 1572 1649 1668 1716 1817 1803 1856 1881 1922 2012 2138 2064 1997 1930
1634 1581 1518 1483 1484 1432 1462 1510 1492 1455 1424 1445 1476 1503 1509 1515 1514 1515 1538 1549 1535 1515 1506 1508 1502 1504 1474 1462 1446 1411 1402 1376 1370 1370 1370 1370 1370 1370 1370 1370 1370 1459 1500 1437 1388 1370 1370 1370 1370 1381 1496 1638 1765 1805 1832 1814 1795 1768 1679 1641 1596 1575 1549 1537 1535 1535 1535 1535 1537 1566 1566 1559 1568 1601 1639 1702 1727 1790 1802 1965 2123 2070 1970 1861 1793
1528 1564 1500 1438 1475 1451 1460 1505 1544 1578 1548 1489 1472 1478 1480 1499 1502 1500 1499 1514 1509 1525 1512 1494 1484 1478 1454 1435 1436 1430 1422 1408 1372 1371 1370 1370 1370 1370 1370 1370 1370 1410 1444 1380 1370 1370 1370 1370 1370 1370 1389 1470 1661 1846 1930 1940 1990 1927 1785 1664 1702 1714 1632 1575 1551 1548 1537 1535 1535 1581 1600 1610 1586 1624 1689 1735 1750 1785 1830 1962 2010 2009 1983 1822 1695
1471 1451 1422 1403 1428 1451 1420 1575 1576 1650 1663 1617 1595 1597 1608 1577 1587 1577 1547 1507 1489 1492 1517 1502 1485 1481 1476 1450 1426 1428 1423 1422 1390 1375 1391 1374 1370 1370 1370 1370 1370 1390 1399 1372 1370 1370 1370 1370 1370 1370 1387 1496 1634 1811 1944 2105 2144 2004 1882 1838 1736 1898 1869 1723 1622 1599 1554 1537 1535 1538 1552 1584 1558 1570 1612 1672 1707 1759 1886 1913 1847 1911 1914 1801 1698
1491 1509 1491 1464 1372 1405 1516 1664 1628 1720 1770 1774 1815 1808 1813 1725 1792 1832 1759 1675 1550 1505 1475 1489 1495 1488 1483 1476 1440 1424 1426 1409 1403 1395 1438 1419 1393 1370 1370 1370 1370 1372 1393 1370 1370 1370 1370 1370 1370 1370 1376 1449 1544 1656 1853 2064 2175 2120 2061 1995 1936 1977 1987 1829 1718 1725 1655 1606 1547 1543 1540 1554 1594 1626 1673 1633 1646 1690 1832 1913 1761 1761 1753 1723 1654
1474 1476 1463 1369 1457 1570 1665 1722 1668 1809 1861 1906 2043 2060 1969 1882 2014 1985 1827 1709 1677 1582 1503 1471 1470 1484 1485 1485 1466 1434 1430 1420 1412 1405 1405 1409 1435 1394 1370 1370 1370 1370 1374 1374 1370 1370 1370 1370 1370 1370 1375 1483 1574 1654 1764 1804 1908 2042 2133 2127 2090 2154 2068 1922 1876 1880 1842 1807 1640 1581 1556 1569 1565 1581 1610 1632 1606 1623 1658 1706 1720 1680 1671 1693 1723
1403 1333 1323 1454 1618 1722 1879 1800 1718 1918 1900 1978 2106 2251 2081 2043 2139 2078 1979 1853 1731 1624 1564 1527 1528 1499 1490 1488 1465 1451 1427 1415 1402 1398 1395 1404 1413 1410 1391 1373 1370 1370 1370 1371 1370 1370 1370 1370 1370 1370 1371 1427 1512 1622 1691 1653 1673 1742 1888 1982 2038 2172 2129 2110 2041 2032 2006 1880 1746 1656 1617 1605 1615 1609 1629 1651 1588 1568 1619 1644 1692 1682 1756 1755 1874
1268 1356 1518 1605 1792 1855 1969 1842 1752 1944 1957 2105 2092 2277 2251 2260 2244 2151 1975 1851 1744 1664 1653 1628 1613 1519 1490 1475 1472 1449 1435 1422 1406 1399 1399 1405 1414 1408 1405 1421 1387 1371 1370 1370 1370 1370 1370 1370 1370 1370 1370 1372 1461 1632 1551 1543 1549 1620 1622 1673 1804 1886 1837 1987 2058 2078 1967 1870 1780 1682 1692 1767 1705 1671 1664 1626 1595 1556 1642 1667 1559 1596 1738 1769 1772
1331 1498 1721 1821 1876 2004 1905 1792 1838 1990 2012 2201 2198 2206 2138 2070 2073 2053 1959 1860 1811 1794 1693 1615 1559 1519 1482 1459 1461 1448 1420 1419 1413 1399 1393 1394 1425 1434 1428 1429 1430 1412 1392 1385 1371 1373 1370 1370 1370 1370 1370 1385 1446 1504 1473 1480 1477 1472 1465 1467 1508 1525 1554 1681 1675 1858 1750 1733 1724 1718 1759 1805 1841 1789 1720 1651 1599 1522 1560 1628 1649 1525 1464 1660 1551
1425 1536 1718 1901 1993 1945 1923 1925 1948 2020 2059 2228 2203 2063 1982 1941 1898 1825 1809 1795 1719 1683 1652 1596 1516 1460 1453 1451 1443 1433 1407 1408 1439 1435 1421 1395 1408 1435 1454 1445 1449 1433 1428 1426 1415 1401 1379 1370 1370 1370 1370 1440 1508 1467 1455 1466 1439 1401 1445 1396 1380 1368 1374 1406 1494 1585 1582 1560 1730 1864 1911 1903 1902 1866 1770 1614 1547 1482 1424 1557 1566 1578 1410 1470 1539
1564 1494 1579 1689 1817 1928 1882 1886 1839 1845 1931 1981 1991 2000 2057 2077 2004 1841 1739 1641 1573 1554 1533 1500 1539 1568 1572 1505 1452 1415 1411 1423 1494 1531 1488 1439 1391 1370 1476 1537 1519 1492 1498 1473 1459 1442 1486 1455 1370 1370 1385 1459 1439 1428 1427 1450 1426 1365 1366 1350 1338 1299 1270 1271 1320 1343 1396 1380 1570 1671 1759 1859 1964 1836 1687 1526 1407 1360 1321 1357 1468 1630 1515 1301 1386
1753 1749 1653 1612 1678 1735 1861 1921 1870 1784 1769 1786 1789 1862 1893 1851 1767 1664 1608 1633 1680 1596 1517 1478 1527 1601 1619 1583 1530 1449 1451 1471 1534 1622 1592 1513 1363 1331 1443 1587 1618 1651 1687 1646 1632 1567 1538 1433 1380 1369 1414 1459 1419 1396 1359 1365 1326 1304 1278 1276 1267 1235 1221 1203 1208 1214 1242 1249 1356 1369 1464 1649 1899 1916 1833 1705 1529 1476 1384 1204 1312 1568 1591 1296 1253
1691 1728 1775 1815 1727 1740 1878 1846 1772 1751 1761 1761 1708 1698 1695 1681 1659 1704 1770 1748 1644 1537 1480 1472 1435 1436 1471 1523 1540 1522 1529 1522 1565 1640 1589 1467 1322 1286 1371 1488 1660 1725 1815 1737 1729 1679 1577 1450 1398 1393 1413 1422 1424 1416 1376 1342 1317 1313 1294 1317 1340 1285 1222 1160 1146 1170 1200 1187 1204 1237 1335 1504 1640 1735 1814 1826 1735 1548 1378 1270 1169 1306 1561 1453 1202
1881 1853 1808 1812 1848 1829 1895 1875 1853 1876 1991 1976 1872 1911 1852 1852 1838 1845 1761 1681 1588 1623 1516 1427 1407 1386 1380 1395 1409 1421 1466 1517 1500 1568 1509 1459 1345 1260 1295 1411 1592 1618 1657 1622 1691 1717 1584 1468 1410 1432 1490 1536 1502 1508 1464 1426 1420 1392 1404 1447 1516 1428 1276 1176 1120 1129 1139 1149 1174 1204 1253 1330 1346 1417 1464 1596 1673 1640 1466 1273 1157 1164 1332 1475 1192
1830 1884 1903 1947 1906 2003 2020 1982 2040 2013 2036 1957 1930 1929 1894 1881 1782 1691 1669 1719 1774 1700 1590 1496 1419 1375 1346 1335 1337 1361 1378 1396 1459 1540 1567 1497 1388 1276 1260 1323 1452 1618 1545 1497 1593 1669 1616 1442 1367 1529 1610 1683 1677 1654 1587 1593 1577 1527 1485 1516 1499 1413 1319 1195 1113 1120 1138 1115 1132 1149 1171 1204 1190 1159 1202 1293 1370 1435 1598 1405 1250 1145 1149 1291 1191
1648 1706 1785 1945 1953 1862 1972 1966 2051 1942 2016 1995 1922 1858 1830 1781 1766 1827 1862 1848 1827 1736 1634 1554 1482 1433 1364 1325 1313 1315 1333 1392 1399 1480 1534 1591 1515 1352 1265 1265 1368 1513 1622 1542 1470 1484 1489 1355 1432 1537 1615 1741 1864 1841 1740 1691 1610 1531 1513 1517 1530 1433 1302 1206 1121 1121 1139 1089 1089 1090 1094 1104 1092 1078 1076 1104 1173 1357 1623 1559 1275 1120 1090 1096 1096
1607 1718 1809 1853 1743 1840 1980 1860 1952 1880 1981 2101 1977 2009 2019 1949 1953 1927 1875 1820 1818 1755 1653 1599 1538 1471 1402 1339 1311 1310 1331 1449 1478 1445 1497 1580 1547 1406 1322 1261 1308 1421 1503 1485 1484 1546 1586 1498 1319 1449 1594 1748 1845 1913 1842 1762 1678 1621 1614 1636 1637 1500 1335 1245 1164 1106 1104 1106 1090 1083 1075 1072 1070 1068 1067 1071 1114 1252 1479 1572 1322 1125 1083 1085 1171
1561 1590 1656 1685 1674 1828 1827 1794 1899 1850 1990 2128 2093 2074 2038 1960 1936 1922 1874 1820 1785 1800 1708 1634 1592 1543 1491 1420 1370 1319 1331 1469 1572 1539 1490 1540 1545 1470 1391 1295 1268 1303 1361 1486 1386 1479 1545 1487 1269 1345 1512 1664 1816 1809 1859 1780 1672 1641 1649 1655 1647 1608 1477 1314 1201 1175 1240 1232 1219 1190 1130 1127 1111 1069 1067 1068 1089 1192 1370 1544 1384 1129 1080 1081 1119
1634 1533 1584 1582 1682 1676 1742 1875 1852 1845 2021 2122 2156 2072 2030 2009 1966 1927 1873 1817 1766 1801 1757 1660 1606 1587 1563 1532 1512 1396 1344 1454 1400 1512 1479 1474 1440 1435 1469 1437 1362 1301 1266 1357 1363 1386 1457 1476 1382 1202 1356 1541 1655 1714 1837 1736 1665 1626 1672 1710 1536 1453 1453 1446 1296 1360 1489 1490 1422 1410 1233 1095 1125 1083 1067 1068 1073 1166 1265 1358 1283 1090 1078 1087 1111
1696 1556 1534 1549 1605 1693 1810 1860 1807 1835 1964 2014 2066 2070 2044 2009 1988 1942 1909 1845 1770 1787 1770 1686 1642 1641 1634 1598 1536 1441 1391 1383 1279 1310 1298 1309 1341 1437 1525 1551 1466 1397 1300 1273 1316 1287 1346 1387 1345 1200 1163 1331 1521 1731 1824 1741 1623 1641 1704 1755 1635 1474 1416 1374 1371 1416 1491 1543 1523 1345 1191 1073 1074 1068 1068 1070 1077 1134 1158 1270 1225 1080 1096 1147 1293
1506 1596 1703 1662 1639 1660 1676 1714 1761 1791 1846 1922 1976 2005 2038 2019 1975 1972 1932 1878 1796 1767 1740 1718 1675 1668 1632 1515 1518 1425 1454 1382 1305 1166 1326 1527 1468 1503 1609 1592 1541 1472 1425 1233 1201 1249 1193 1172 1146 1170 1279 1462 1623 1756 1734 1656 1617 1661 1680 1733 1732 1683 1576 1405 1372 1363 1388 1446 1442 1275 1131 1068 1067 1068 1069 1071 1081 1087 1107 1132 1112 1081 1103 1125 1231
1576 1614 1685 1740 1795 1819 1845 1813 1747 1786 1820 1864 1902 1945 1967 1991 1952 1910 1878 1871 1823 1776 1740 1692 1642 1588 1551 1454 1406 1366 1395 1362 1305 1146 1248 1519 1590 1611 1642 1513 1352 1343 1397 1186 1058 1063 1147 1237 1395 1417 1394 1468 1635 1817 1759 1593 1578 1696 1688 1736 1734 1680 1575 1459 1394 1420 1427 1367 1333 1175 1088 1067 1067 1068 1069 1070 1072 1073 1073 1073 1088 1196 1248 1162 1241
1506 1566 1626 1654 1712 1789 1839 1814 1829 1819 1793 1818 1898 1928 1949 1955 1940 1914 1891 1847 1760 1626 1586 1582 1609 1523 1434 1396 1346 1318 1326 1333 1169 1089 1261 1453 1413 1495 1496 1403 1292 1142 1064 1127 1328 1375 1460 1409 1431 1575 1665 1689 1744 1811 1672 1498 1586 1679 1742 1692 1624 1654 1532 1452 1478 1579 1413 1262 1276 1109 1071 1070 1071 1071 1070 1072 1090 1075 1075 1076 1129 1275 1415 1410 1397
1521 1539 1573 1652 1746 1751 1784 1838 1928 1960 1884 1807 1877 1931 1960 1983 1963 1939 1910 1805 1613 1689 1783 1682 1598 1532 1434 1417 1335 1318 1330 1426 1263 1127 1071 1224 1343 1210 1297 1212 1079 1019 1275 1484 1598 1695 1676 1613 1598 1556 1638 1612 1643 1638 1558 1490 1635 1729 1723 1613 1524 1524 1508 1548 1621 1561 1312 1148 1133 1167 1183 1158 1125 1118 1128 1171 1196 1115 1078 1078 1140 1309 1419 1557 1702
1595 1639 1657 1679 1730 1757 1929 1967 1991 2044 1965 1858 1887 1960 2031 1996 1952 1892 1721 1645 1756 1874 1848 1790 1709 1579 1474 1370 1312 1269 1324 1461 1424 1305 1111 1029 1167 1134 994 945 1019 1227 1373 1571 1722 1830 1819 1753 1687 1655 1637 1577 1487 1486 1427 1509 1622 1607 1507 1481 1396 1516 1407 1409 1374 1303 1157 1303 1387 1432 1485 1342 1310 1291 1271 1327 1365 1222 1174 1148 1099 1273 1516 1743 1817
1631 1627 1631 1643 1705 1824 1908 1961 2030 2096 2037 1931 1946 1968 2006 1949 1844 1739 1734 1869 1927 1932 1889 1799 1687 1607 1495 1424 1343 1213 1347 1463 1417 1387 1219 944 930 914 1020 1221 1276 1463 1551 1650 1775 1897 1858 1750 1631 1633 1644 1576 1405 1373 1398 1471 1472 1435 1343 1227 1354 1360 1324 1203 1089 1169 1435 1652 1726 1815 1830 1637 1659 1607 1486 1418 1433 1451 1286 1335 1152 1161 1392 1638 1655
1673 1665 1720 1733 1709 1694 1736 1785 1856 1935 2027 2063 2064 2092 2078 1925 1840 1858 1903 2006 2028 1992 1949 1874 1801 1751 1613 1405 1272 1148 1129 1425 1347 1123 979 899 1179 1169 1268 1461 1369 1440 1495 1454 1483 1745 1810 1696 1596 1501 1481 1407 1365 1422 1405 1405 1342 1266 1308 1156 1216 1178 1061 1012 1000 1283 1487 1562 1669 1752 1887 1983 2017 1984 1800 1645 1550 1539 1505 1531 1321 1109 1253 1447 1440
1613 1688 1813 1860 1878 1808 1793 1773 1745 1762 1828 1990 2039 2064 2083 2055 2000 2016 2047 2067 2048 1992 1930 1831 1740 1694 1663 1529 1328 1097 1080 1369 1164 891 906 1114 1466 1569 1672 1733 1602 1389 1238 1202 1224 1375 1452 1484 1417 1343 1276 1290 1452 1470 1418 1325 1243 1164 1133 1045 1103 1115 962 1113 1209 1327 1458 1529 1522 1629 1786 1971 2028 2120 2040 1881 1705 1574 1487 1396 1308 1210 1157 1161 1174
1635 1715 1749 1801 1877 1930 1946 1962 1915 1899 1839 1898 1882 1846 1836 1854 1805 1862 1821 1723 1654 1596 1584 1557 1574 1505 1429 1508 1454 1163 980 1273 1095 801 961 1212 1533 1837 1771 1641 1580 1466 1315 1222 1068 1059 1049 1152 1200 1256 1354 1370 1276 1277 1404 1361 1334 1235 1093 980 948 972 961 977 1110 1263 1247 1318 1452 1628 1722 1816 1952 1987 1990 1910 1695 1571 1504 1540 1705 1550 1458 1345 1333
1652 1679 1694 1707 1745 1791 1807 1862 1920 1968 1993 2010 1915 1792 1760 1633 1624 1486 1433 1418 1340 1277 1215 1143 1187 1377 1337 1229 1312 1017 920 1222 1151 833 934 1099 1386 1592 1422 1282 1185 1107 1031 958 917 896 1011 1226 1311 1147 1129 1129 1067 1192 1226 1162 1113 963 1043 1172 1190 1189 1184 1014 996 1122 1252 1383 1512 1630 1642 1731 1848 1895 1836 1881 1808 1743 1607 1727 1933 2019 1852 1764 1704
1671 1732 1779 1779 1767 1781 1804 1863 1881 1930 1992 2012 1977 1971 1867 1774 1727 1613 1848 1767 1547 1569 1446 1306 1043 994 1196 1242 1054 989 856 1135 1030 794 899 1096 1198 1238 1165 925 938 987 976 1172 1101 1002 924 926 1090 1039 923 893 895 933 945 930 938 1131 1286 1304 1256 1257 1234 1138 1019 1032 1243 1338 1475 1482 1550 1590 1694 1839 1902 1826 1764 1754 1743 1786 1958 2099 2156 2168 2102
1651 1714 1765 1813 1841 1883 1938 1986 2027 2041 1985 1971 1951 1936 1993 1908 1799 1777 1938 1833 1664 1699 1657 1595 1371 1070 885 1040 919 930 817 930 808 777 781 808 823 868 868 933 1201 1363 1266 1405 1425 1299 1173 1031 942 936 930 1021 1122 1104 1109 1108 1214 1260 1344 1276 1234 1205 1149 1044 1029 1145 1203 1256 1318 1362 1474 1557 1637 1788 1852 1844 1729 1686 1663 1742 1912 2009 2110 2238 2198
